189.267 -47.363 959.169 236 235 235
189.767 -47.863 959.209 244 244 242
189.767 -47.363 959.248 246 246 246
190.267 -48.363 959.236 224 223 221
190.267 -47.863 959.282 244 244 241
190.267 -47.363 959.353 245 245 243
190.767 -48.363 959.308 211 211 213
190.767 -47.863 959.381 234 235 235
190.767 -47.363 959.448 239 244 244
191.267 -48.863 959.389 187 188 193
191.267 -48.363 959.456 199 202 206
191.267 -47.863 959.528 220 226 230
191.267 -47.363 959.578 225 233 239
191.767 -49.363 959.405 184 187 190
191.767 -48.863 959.509 184 189 194
191.767 -48.363 959.594 193 200 207
191.767 -47.863 959.667 201 212 221
191.767 -47.363 959.711 209 223 232
192.267 -49.363 959.480 179 184 186
192.267 -48.863 959.587 184 191 197
192.267 -48.363 959.689 190 200 209
192.267 -47.863 959.780 192 208 220
192.267 -47.363 959.862 198 216 229
192.767 -49.363 959.577 181 184 187
192.767 -48.863 959.711 195 204 212
192.767 -48.363 959.855 196 214 228
192.767 -47.863 959.969 192 215 232
192.767 -47.363 960.140 186 213 231
193.267 -49.363 959.568 191 195 199
193.267 -48.863 959.734 202 214 223
193.267 -48.363 959.944 197 217 233
193.267 -47.863 960.151 187 214 233
193.267 -47.363 960.418 183 212 233
193.767 -49.363 959.588 197 204 207
193.767 -48.863 959.728 200 214 223
193.767 -48.363 959.953 200 222 238
193.767 -47.863 960.275 185 217 237
193.767 -47.363 960.640 179 214 235
194.267 -49.363 959.629 202 206 207
194.267 -48.863 959.727 200 212 218
194.267 -48.363 960.000 201 222 235
194.267 -47.863 960.376 184 214 233
194.267 -47.363 960.767 180 215 237
194.767 -49.363 959.659 198 200 198
194.767 -48.863 959.746 196 202 206
194.767 -48.363 960.055 201 217 227
194.767 -47.863 960.510 186 213 229
194.767 -47.363 960.944 181 213 233
195.267 -48.863 959.780 186 188 190
195.267 -48.363 960.071 193 203 210
195.267 -47.863 960.572 194 216 230
195.267 -47.363 961.075 186 213 232
195.767 -48.863 959.805 184 181 183
195.767 -48.363 960.077 183 181 186
195.767 -47.863 960.526 199 211 222
195.767 -47.363 961.025 193 214 228
196.267 -48.363 960.074 184 181 186
196.267 -47.863 960.456 193 199 210
196.267 -47.363 960.933 201 217 230
196.767 -48.363 960.000 193 191 194
196.767 -47.863 960.362 193 196 205
196.767 -47.363 960.890 201 210 222
197.267 -47.863 960.324 201 200 205
197.267 -47.363 960.915 207 208 218
197.767 -47.363 960.934 207 206 211
198.267 -47.363 960.931 217 214 213
198.767 -47.363 960.897 220 215 210
188.267 -41.363 959.580 156 153 154
188.267 -40.863 959.495 153 150 150
188.267 -40.363 959.443 139 135 133
188.767 -43.363 959.519 155 153 156
188.767 -42.863 959.630 153 152 157
188.767 -42.363 959.677 150 149 156
188.767 -41.863 959.859 150 151 158
188.767 -41.363 959.943 151 152 157
188.767 -40.863 959.926 141 140 145
188.767 -40.363 959.817 128 129 131
188.767 -39.863 959.700 133 130 131
188.767 -39.363 959.562 146 138 136
189.267 -46.863 959.176 179 179 178
189.267 -46.363 959.211 150 149 150
189.267 -45.863 959.272 145 144 144
189.267 -45.363 959.345 157 156 158
189.267 -44.863 959.401 157 156 159
189.267 -44.363 959.496 153 152 156
189.267 -43.863 959.605 150 152 159
189.267 -43.363 959.677 151 154 164
189.267 -42.863 959.799 152 158 168
189.267 -42.363 959.907 162 169 180
189.267 -41.863 960.186 169 175 187
189.267 -41.363 960.289 172 180 188
189.267 -40.863 960.231 140 147 155
189.267 -40.363 960.043 113 119 127
189.267 -39.863 959.839 111 110 117
189.267 -39.363 959.729 116 110 114
189.267 -38.863 959.567 121 111 113
189.767 -46.863 959.282 199 199 199
189.767 -46.363 959.341 139 140 142
189.767 -45.863 959.402 132 133 135
189.767 -45.363 959.505 144 145 149
189.767 -44.863 959.614 147 149 153
189.767 -44.363 959.652 146 149 157
189.767 -43.863 959.744 147 155 164
189.767 -43.363 959.874 153 166 177
189.767 -42.863 960.004 170 185 198
189.767 -42.363 960.224 188 202 217
189.767 -41.863 960.402 193 208 222
189.767 -41.363 960.480 187 202 213
189.767 -40.863 960.459 159 170 182
189.767 -40.363 960.258 119 124 136
189.767 -39.863 960.038 106 108 119
189.767 -39.363 959.891 102 100 107
189.767 -38.863 959.740 107 101 105
189.767 -38.363 959.564 125 115 114
190.267 -46.863 959.426 220 221 223
190.267 -46.363 959.483 159 160 164
190.267 -45.863 959.551 145 148 153
190.267 -45.363 959.675 144 148 156
190.267 -44.863 959.753 150 157 167
190.267 -44.363 959.790 152 163 174
190.267 -43.863 959.896 163 179 191
190.267 -43.363 960.093 184 201 216
190.267 -42.863 960.243 194 215 231
190.267 -42.363 960.428 191 216 231
190.267 -41.863 960.577 190 213 229
190.267 -41.363 960.680 186 205 219
190.267 -40.863 960.636 172 189 204
190.267 -40.363 960.496 135 144 158
190.267 -39.863 960.249 116 119 131
190.267 -39.363 960.031 107 107 116
190.267 -38.863 959.880 105 101 107
190.267 -38.363 959.709 116 105 108
190.267 -37.863 959.581 130 120 120
190.767 -46.863 959.494 225 230 233
190.767 -46.363 959.567 169 176 183
190.767 -45.863 959.704 160 168 179
190.767 -45.363 959.867 160 169 182
190.767 -44.863 959.961 168 183 196
190.767 -44.363 960.047 179 198 214
190.767 -43.863 960.183 192 215 232
190.767 -43.363 960.273 190 217 237
190.767 -42.863 960.433 184 214 234
190.767 -42.363 960.625 184 215 235
190.767 -41.863 960.773 184 214 232
190.767 -41.363 960.786 187 211 227
190.767 -40.863 960.780 180 199 215
190.767 -40.363 960.729 156 168 184
190.767 -39.863 960.497 131 136 150
190.767 -39.363 960.245 120 120 131
190.767 -38.863 959.987 105 101 110
190.767 -38.363 959.798 103 96 104
190.767 -37.863 959.656 116 106 110
191.267 -46.863 959.611 218 228 236
191.267 -46.363 959.745 180 195 207
191.267 -45.863 959.918 176 192 208
191.267 -45.363 960.055 188 207 225
191.267 -44.863 960.157 191 213 233
191.267 -44.363 960.240 189 217 235
191.267 -43.863 960.342 184 215 235
191.267 -43.363 960.507 184 216 239
191.267 -42.863 960.662 179 215 238
191.267 -42.363 960.893 179 213 237
191.267 -41.863 961.045 179 213 236
191.267 -41.363 961.022 184 211 231
191.267 -40.863 961.004 187 208 225
191.267 -40.363 960.886 176 189 205
191.267 -39.863 960.710 144 147 161
191.267 -39.363 960.489 127 125 138
191.267 -38.863 960.178 105 101 111
191.267 -38.363 959.896 100 92 103
191.267 -37.863 959.768 107 100 106
191.767 -46.863 959.797 200 217 230
191.767 -46.363 959.993 190 212 226
191.767 -45.863 960.173 190 216 234
191.767 -45.363 960.251 187 216 236
191.767 -44.863 960.288 186 216 237
191.767 -44.363 960.415 184 217 238
191.767 -43.863 960.583 180 215 238
191.767 -43.363 960.808 179 215 241
191.767 -42.863 960.985 179 215 241
191.767 -42.363 961.209 179 213 240
191.767 -41.863 961.302 181 212 239
191.767 -41.363 961.312 184 211 233
191.767 -40.863 961.302 191 212 232
191.767 -40.363 961.199 194 204 221
191.767 -39.863 960.928 164 167 180
191.767 -39.363 960.702 137 134 145
191.767 -38.863 960.375 116 109 121
191.767 -38.363 960.060 106 98 109
191.767 -37.863 959.845 108 98 107
192.267 -46.863 960.034 193 215 230
192.267 -46.363 960.258 190 218 235
192.267 -45.863 960.392 185 217 236
192.267 -45.363 960.463 181 216 238
192.267 -44.863 960.523 179 215 236
192.267 -44.363 960.714 179 216 237
192.267 -43.863 960.938 179 215 238
192.267 -43.363 961.100 177 214 240
192.267 -42.863 961.283 179 213 241
192.267 -42.363 961.464 179 212 240
192.267 -41.863 961.539 180 211 238
192.267 -41.363 961.533 185 214 235
192.267 -40.863 961.493 192 211 231
192.267 -40.363 961.456 191 200 216
192.267 -39.863 961.204 180 179 191
192.267 -39.363 960.825 141 136 146
192.267 -38.863 960.431 142 135 146
192.267 -38.363 960.245 120 111 122
192.267 -37.863 959.928 111 101 109
192.767 -46.863 960.359 183 212 233
192.767 -46.363 960.518 180 215 237
192.767 -45.863 960.598 179 216 239
192.767 -45.363 960.775 175 216 238
192.767 -44.863 960.896 174 215 238
192.767 -44.363 961.021 174 215 239
192.767 -43.863 961.232 175 215 240
192.767 -43.363 961.356 177 214 240
192.767 -42.863 961.519 179 214 239
192.767 -42.363 961.696 179 214 239
192.767 -41.863 961.798 180 212 237
192.767 -41.363 961.796 184 210 230
192.767 -40.863 961.693 192 209 226
192.767 -40.363 961.619 187 193 206
192.767 -39.863 961.454 171 169 179
192.767 -39.363 961.057 148 141 149
192.767 -38.863 960.657 137 132 139
192.767 -38.363 960.377 120 116 122
192.767 -37.863 960.059 111 104 111
193.267 -46.863 960.647 179 213 234
193.267 -46.363 960.795 177 214 238
193.267 -45.863 960.922 175 215 238
193.267 -45.363 961.088 175 216 238
193.267 -44.863 961.203 174 215 238
193.267 -44.363 961.369 175 213 239
193.267 -43.863 961.541 176 215 238
193.267 -43.363 961.676 177 214 238
193.267 -42.863 961.801 180 214 239
193.267 -42.363 961.903 180 213 237
193.267 -41.863 961.998 180 210 234
193.267 -41.363 962.041 185 210 232
193.267 -40.863 961.924 194 211 230
193.267 -40.363 961.822 193 200 216
193.267 -39.863 961.724 168 167 179
193.267 -39.363 961.464 155 151 162
193.267 -38.863 961.103 130 126 136
193.267 -38.363 960.624 120 115 122
193.267 -37.863 960.268 110 103 110
193.767 -46.863 960.889 176 214 238
193.767 -46.363 961.027 174 215 240
193.767 -45.863 961.254 174 216 240
193.767 -45.363 961.393 175 216 238
193.767 -44.863 961.484 176 215 237
193.767 -44.363 961.663 179 214 238
193.767 -43.863 961.804 177 212 237
193.767 -43.363 961.902 179 211 236
193.767 -42.863 962.029 179 210 233
193.767 -42.363 962.092 179 209 233
193.767 -41.863 962.167 180 208 232
193.767 -41.363 962.218 183 207 229
193.767 -40.863 962.192 193 212 231
193.767 -40.363 962.095 194 204 221
193.767 -39.863 961.957 187 192 208
193.767 -39.363 961.799 191 191 205
193.767 -38.863 961.531 171 170 184
193.767 -38.363 961.090 123 119 128
193.767 -37.863 960.551 110 104 112
194.267 -46.863 961.062 175 213 237
194.267 -46.363 961.296 172 214 239
194.267 -45.863 961.565 174 216 240
194.267 -45.363 961.742 174 215 237
194.267 -44.863 961.853 177 213 236
194.267 -44.363 961.924 177 211 236
194.267 -43.863 961.990 177 210 232
194.267 -43.363 962.100 179 208 232
194.267 -42.863 962.213 179 208 232
194.267 -42.363 962.247 181 208 231
194.267 -41.863 962.285 181 207 230
194.267 -41.363 962.325 183 206 230
194.267 -40.863 962.333 185 206 228
194.267 -40.363 962.312 191 207 227
194.267 -39.863 962.210 199 211 229
194.267 -39.363 962.107 202 212 228
194.267 -38.863 961.882 204 210 227
194.267 -38.363 961.567 134 137 149
194.267 -37.863 961.052 115 113 123
194.767 -46.863 961.268 176 212 237
194.767 -46.363 961.537 172 212 240
194.767 -45.863 961.796 173 213 239
194.767 -45.363 961.955 174 211 235
194.767 -44.863 962.052 176 210 233
194.767 -44.363 962.143 179 208 232
194.767 -43.863 962.159 177 207 230
194.767 -43.363 962.242 179 207 230
194.767 -42.863 962.306 181 206 230
194.767 -42.363 962.339 180 203 227
194.767 -41.863 962.569 179 203 227
194.767 -41.363 962.700 181 203 227
194.767 -40.863 962.720 180 203 226
194.767 -40.363 962.644 184 206 228
194.767 -39.863 962.461 186 207 228
194.767 -39.363 962.370 193 212 230
194.767 -38.863 962.160 202 219 238
194.767 -38.363 961.907 171 181 197
194.767 -37.863 961.525 113 119 131
195.267 -46.863 961.440 179 212 236
195.267 -46.363 961.745 174 211 240
195.267 -45.863 962.037 173 210 237
195.267 -45.363 962.224 172 207 234
195.267 -44.863 962.312 176 207 232
195.267 -44.363 962.423 179 207 230
195.267 -43.863 962.326 180 206 229
195.267 -43.363 962.286 181 207 230
195.267 -42.863 962.503 184 206 230
195.267 -42.363 962.755 184 203 227
195.267 -41.863 963.102 180 201 224
195.267 -41.363 963.189 180 200 225
195.267 -40.863 963.155 183 205 228
195.267 -40.363 963.017 179 205 228
195.267 -39.863 962.839 183 209 231
195.267 -39.363 962.805 184 210 231
195.267 -38.863 962.623 188 212 233
195.267 -38.363 962.284 197 214 230
195.267 -37.863 961.820 129 139 153
195.767 -46.863 961.506 184 211 232
195.767 -46.363 961.909 179 212 236
195.767 -45.863 962.175 177 210 236
195.767 -45.363 962.397 179 205 230
195.767 -44.863 962.596 179 207 231
195.767 -44.363 962.771 179 207 233
195.767 -43.863 962.700 180 206 232
195.767 -43.363 962.663 179 204 230
195.767 -42.863 963.014 188 214 238
195.767 -42.363 963.357 181 206 228
195.767 -41.863 963.509 183 202 226
195.767 -41.363 963.515 179 205 230
195.767 -40.863 963.517 183 205 229
195.767 -40.363 963.336 184 208 230
195.767 -39.863 963.304 184 207 229
195.767 -39.363 963.349 180 206 227
195.767 -38.863 963.317 180 207 228
195.767 -38.363 962.923 187 210 229
195.767 -37.863 962.320 166 184 199
196.267 -46.863 961.487 184 207 227
196.267 -46.363 961.974 176 207 230
196.267 -45.863 962.293 177 206 232
196.267 -45.363 962.478 179 205 230
196.267 -44.863 962.752 179 204 228
196.267 -44.363 962.957 179 204 227
196.267 -43.863 963.047 181 203 228
196.267 -43.363 963.167 180 202 227
196.267 -42.863 963.518 184 205 229
196.267 -42.363 963.716 184 203 226
196.267 -41.863 963.852 185 200 222
196.267 -41.363 963.957 189 203 225
196.267 -40.863 964.241 190 202 222
196.267 -40.363 964.376 192 201 220
196.267 -39.863 964.649 191 199 218
196.267 -39.363 964.476 189 195 213
196.267 -38.863 964.677 189 197 214
196.267 -38.363 964.240 184 194 212
196.267 -37.863 963.469 181 187 205
196.767 -46.863 961.475 193 210 227
196.767 -46.363 961.997 180 203 227
196.767 -45.863 962.385 176 202 226
196.767 -45.363 962.615 176 202 226
196.767 -44.863 962.924 179 202 224
196.767 -44.363 963.173 181 202 223
196.767 -43.863 963.260 184 201 224
196.767 -43.363 963.537 183 200 223
196.767 -42.863 963.852 181 200 221
196.767 -42.363 964.159 186 199 219
196.767 -41.863 964.665 189 196 215
196.767 -41.363 965.206 193 193 213
196.767 -40.863 965.561 201 196 214
196.767 -40.363 965.897 200 191 206
196.767 -39.863 966.078 203 190 205
196.767 -39.363 965.711 205 189 202
196.767 -38.863 965.829 210 192 205
196.767 -38.363 965.569 215 199 213
196.767 -37.863 965.108 203 189 206
197.267 -46.863 961.456 203 212 227
197.267 -46.363 962.077 190 206 227
197.267 -45.863 962.490 184 204 227
197.267 -45.363 962.719 184 205 229
197.267 -44.863 963.089 184 206 229
197.267 -44.363 963.487 184 204 227
197.267 -43.863 963.653 185 202 226
197.267 -43.363 963.952 185 203 226
197.267 -42.863 964.299 185 202 223
197.267 -42.363 964.962 194 203 222
197.267 -41.863 965.731 198 197 217
197.267 -41.363 966.312 208 196 213
197.267 -40.863 966.504 210 195 210
197.267 -40.363 966.757 212 190 204
197.267 -39.863 966.835 219 190 201
197.267 -39.363 966.736 221 185 196
197.267 -38.863 966.711 220 183 193
197.267 -38.363 966.833 212 172 185
197.267 -37.863 966.756 206 172 184
197.767 -46.863 961.523 204 206 218
197.767 -46.363 962.217 194 202 219
197.767 -45.863 962.598 189 202 222
197.767 -45.363 962.799 179 195 217
197.767 -44.863 963.191 181 201 225
197.767 -44.363 963.624 181 201 225
197.767 -43.863 963.963 185 202 226
197.767 -43.363 964.324 185 201 224
197.767 -42.863 965.014 196 206 225
197.767 -42.363 965.906 206 207 224
197.767 -41.863 966.487 214 202 219
197.767 -41.363 966.797 217 195 210
197.767 -40.863 967.013 218 191 205
197.767 -40.363 967.257 225 188 198
197.767 -39.863 967.485 227 183 192
197.767 -37.863 967.568 203 148 156
198.267 -46.863 961.585 210 209 215
198.267 -46.363 962.289 200 202 215
198.267 -45.863 962.707 196 204 221
198.267 -45.363 963.023 185 198 218
198.267 -44.863 963.410 183 199 220
198.267 -44.363 963.735 188 205 228
198.267 -43.863 964.198 190 203 224
198.267 -43.363 964.832 201 211 227
198.267 -42.863 965.857 214 215 229
198.267 -42.363 966.769 221 210 221
198.267 -41.863 967.278 219 195 206
198.267 -41.363 967.489 224 186 196
198.267 -40.863 967.612 227 184 193
198.767 -46.863 961.560 218 212 214
198.767 -46.363 962.330 215 214 224
198.767 -45.863 962.811 197 204 218
198.767 -45.363 963.308 189 202 219
198.767 -44.863 963.770 188 203 220
198.767 -44.363 964.253 195 205 223
198.767 -43.863 964.869 205 209 226
198.767 -43.363 966.031 216 214 226
198.767 -42.863 967.027 216 206 213
198.767 -42.363 967.541 220 194 200
199.267 -46.863 961.522 222 212 211
199.267 -46.363 962.246 224 220 227
199.267 -45.863 962.937 203 209 221
199.267 -45.363 963.794 199 212 224
199.267 -44.863 965.077 203 212 223
199.267 -44.363 966.121 213 210 220
199.267 -43.863 966.880 219 206 216
199.267 -43.363 967.463 225 202 207
199.767 -46.863 961.507 228 220 218
199.767 -46.363 962.210 238 236 241
199.767 -45.863 963.366 219 218 227
199.767 -45.363 965.057 202 201 211
199.767 -44.863 966.750 224 215 221
200.267 -46.363 962.433 237 234 236
200.267 -45.863 964.158 194 188 193
200.267 -45.363 966.321 233 215 222
200.767 -46.363 962.844 226 224 222
200.767 -45.863 965.308 232 220 222
201.267 -46.363 963.701 206 202 200
201.267 -45.863 966.174 227 216 217
201.767 -45.863 966.634 224 214 214
202.267 -45.863 965.977 223 217 212
202.767 -45.863 965.705 231 224 218
203.767 -45.363 966.983 216 207 202
204.267 -45.363 966.178 234 227 224
205.267 -44.863 967.606 233 222 220
205.767 -44.863 965.977 233 224 221
206.267 -44.863 965.204 228 224 217
206.767 -44.363 967.421 234 231 224
207.267 -44.363 966.100 232 224 220
207.767 -43.863 966.812 235 227 224
208.267 -43.863 964.999 232 228 223
208.267 -43.363 967.418 224 219 215
208.767 -43.363 966.222 235 228 222
209.267 -43.363 964.447 232 224 218
209.267 -42.863 967.042 230 219 214
209.767 -42.863 966.021 236 227 222
210.267 -42.363 967.421 226 216 211
210.767 -42.363 966.388 239 233 227
211.267 -41.863 967.258 232 221 219
211.767 -41.863 966.577 233 226 223
212.267 -41.863 965.665 234 230 225
212.767 -41.363 967.076 232 232 223
213.267 -41.363 966.281 233 233 224
213.767 -40.863 966.784 241 227 226
214.267 -40.863 965.495 233 224 221
214.767 -40.363 966.640 231 228 223
215.267 -40.363 965.828 231 224 221
215.267 -39.863 967.436 228 219 217
215.767 -39.863 966.604 236 230 226
216.267 -39.863 965.357 225 220 216
216.267 -39.363 967.234 227 219 214
216.767 -39.363 966.526 226 221 215
217.267 -39.363 965.880 225 220 214
217.267 -38.863 967.078 222 217 213
217.767 -38.863 966.164 225 220 216
217.767 -38.363 967.478 214 204 204
218.267 -38.363 966.525 222 214 211
218.767 -38.363 964.997 218 211 207
218.767 -37.863 966.705 217 208 205
219.267 -37.863 964.944 227 220 216
219.767 -37.863 963.046 216 206 205
190.767 -37.363 959.528 139 129 127
191.267 -37.363 959.620 132 123 124
191.267 -36.863 959.458 167 154 149
191.767 -37.363 959.690 118 108 110
191.767 -36.863 959.554 139 129 125
191.767 -36.363 959.473 159 146 138
192.267 -37.363 959.777 111 100 104
192.267 -36.863 959.682 128 119 116
192.267 -36.363 959.586 152 139 133
192.267 -35.863 959.405 184 171 162
192.767 -37.363 959.864 107 100 104
192.767 -36.863 959.763 122 111 112
192.767 -36.363 959.661 149 135 132
192.767 -35.863 959.438 184 170 161
193.267 -37.363 960.023 105 96 102
193.267 -36.863 959.836 118 106 108
193.267 -36.363 959.700 146 132 129
193.267 -35.863 959.454 184 169 161
193.767 -37.363 960.233 103 94 102
193.767 -36.863 959.967 113 101 104
193.767 -36.363 959.742 134 123 120
193.767 -35.863 959.510 174 161 152
193.767 -35.363 959.401 195 183 170
194.267 -37.363 960.498 99 93 103
194.267 -36.863 960.156 107 97 103
194.267 -36.363 959.829 127 117 116
194.267 -35.863 959.633 159 149 141
194.267 -35.363 959.484 196 185 173
194.767 -37.363 960.829 104 102 114
194.767 -36.863 960.350 104 95 104
194.767 -36.363 959.980 118 107 109
194.767 -35.863 959.772 142 131 127
194.767 -35.363 959.594 183 172 163
195.267 -37.363 961.267 105 109 121
195.267 -36.863 960.648 99 94 104
195.267 -36.363 960.233 106 96 102
195.267 -35.863 959.916 123 113 111
195.267 -35.363 959.730 155 144 138
195.267 -34.863 959.586 183 169 159
195.767 -37.363 961.737 110 117 130
195.767 -36.863 960.968 103 98 109
195.767 -36.363 960.462 104 96 102
195.767 -35.863 960.098 113 105 107
195.767 -35.363 959.800 129 121 119
195.767 -34.863 959.586 158 145 139
196.267 -37.363 962.353 156 155 170
196.267 -36.863 961.360 125 119 129
196.267 -36.363 960.751 112 101 109
196.267 -35.863 960.266 110 99 105
196.267 -35.363 959.768 110 100 103
196.267 -34.863 959.552 123 112 110
196.767 -37.363 963.626 176 166 177
196.767 -36.863 962.122 154 144 154
196.767 -36.363 961.143 130 120 128
196.767 -35.863 960.394 118 105 114
196.767 -35.363 959.708 104 92 99
196.767 -34.863 959.529 106 96 96
196.767 -34.363 959.477 119 109 108
197.267 -37.363 965.354 190 168 176
197.267 -36.863 963.627 164 150 160
197.267 -36.363 962.039 142 132 141
197.267 -35.863 960.996 125 115 125
197.267 -35.363 959.788 107 95 105
197.267 -34.863 959.596 104 95 99
197.267 -34.363 959.517 107 101 104
197.767 -37.363 966.909 195 156 163
197.767 -36.863 965.410 171 148 154
197.767 -36.363 963.680 157 143 151
197.767 -35.863 962.036 137 127 135
197.767 -35.363 960.110 119 108 117
197.767 -34.863 959.778 100 92 98
197.767 -34.363 959.612 106 99 106
197.767 -33.863 959.657 110 105 111
198.267 -36.863 966.890 193 151 159
198.267 -36.363 965.375 161 135 142
198.267 -35.863 963.516 152 137 144
198.267 -35.363 961.038 131 121 129
198.267 -34.863 960.002 106 97 105
198.267 -34.363 959.729 100 93 100
198.267 -33.863 959.714 109 102 109
198.767 -36.363 966.689 180 143 150
198.767 -35.863 964.645 162 140 146
198.767 -35.363 961.988 142 128 135
198.767 -34.863 960.335 121 110 119
198.767 -34.363 959.890 104 97 104
198.767 -33.863 959.778 106 99 106
198.767 -33.363 959.626 107 98 106
199.267 -36.363 967.225 194 146 152
199.267 -35.863 965.526 172 141 148
199.267 -35.363 963.455 156 135 142
199.267 -34.863 960.990 139 125 133
199.267 -34.363 960.076 108 101 108
199.267 -33.863 959.810 106 99 107
199.267 -33.363 959.574 108 97 106
199.767 -36.363 967.426 203 144 151
199.767 -35.863 966.453 189 150 158
199.767 -35.363 964.587 170 143 152
199.767 -34.863 961.895 146 128 135
199.767 -34.363 960.493 119 108 116
199.767 -33.863 959.965 107 100 107
199.767 -33.363 959.595 108 97 105
199.767 -32.863 959.398 116 102 110
200.267 -35.863 967.222 194 143 151
200.267 -35.363 965.455 179 145 151
200.267 -34.863 963.583 157 133 139
200.267 -34.363 961.437 135 120 126
200.267 -33.863 960.267 110 101 107
200.267 -33.363 959.773 106 96 104
200.267 -32.863 959.548 107 96 104
200.267 -32.363 959.459 118 106 112
200.767 -35.363 966.383 184 139 146
200.767 -34.863 964.776 160 130 136
200.767 -34.363 962.697 145 126 132
200.767 -33.863 960.801 119 108 114
200.767 -33.363 959.983 106 95 103
200.767 -32.863 959.687 104 93 102
200.767 -32.363 959.554 106 96 104
201.267 -34.863 965.637 172 137 144
201.267 -34.363 963.881 151 129 134
201.267 -33.863 961.509 127 115 120
201.267 -33.363 960.358 112 101 109
201.267 -32.863 959.828 110 99 108
201.267 -32.363 959.654 108 98 107
201.767 -34.863 966.501 179 140 147
201.767 -34.363 964.841 149 125 130
201.767 -33.863 962.320 135 120 128
201.767 -33.363 960.848 119 107 116
201.767 -32.863 960.091 106 95 105
201.767 -32.363 959.748 105 95 104
201.767 -31.863 959.621 105 94 102
202.267 -34.863 967.261 191 138 147
202.267 -34.363 965.328 166 140 145
202.267 -33.863 962.819 152 130 141
202.267 -33.363 961.382 133 115 126
202.267 -32.863 960.581 104 97 104
202.267 -32.363 959.966 105 93 100
202.267 -31.863 959.721 102 94 99
202.767 -34.363 966.579 185 152 158
202.767 -33.863 964.004 162 138 147
202.767 -33.363 961.941 139 123 132
202.767 -32.863 961.022 111 105 111
202.767 -32.363 960.514 100 91 98
202.767 -31.863 960.021 100 92 96
202.767 -31.363 959.686 102 93 98
203.267 -34.363 967.401 196 149 155
203.267 -33.863 965.730 173 145 151
203.267 -33.363 963.550 148 134 141
203.267 -32.863 961.557 124 116 122
203.267 -32.363 960.905 103 92 102
203.267 -31.863 960.511 101 91 98
203.267 -31.363 959.940 101 91 97
203.767 -33.863 967.057 186 150 155
203.767 -33.363 964.899 158 140 146
203.767 -32.863 962.540 135 121 129
203.767 -32.363 961.286 118 101 111
203.767 -31.863 960.819 103 91 99
203.767 -31.363 960.163 102 90 98
203.767 -30.863 959.746 101 91 97
204.267 -33.363 965.878 172 143 147
204.267 -32.863 963.644 154 130 138
204.267 -32.363 962.166 133 113 122
204.267 -31.863 961.221 113 97 107
204.267 -31.363 960.589 103 87 97
204.267 -30.863 959.827 99 87 95
204.767 -33.363 966.852 187 150 155
204.767 -32.863 964.609 167 133 141
204.767 -32.363 963.377 143 121 129
204.767 -31.863 962.000 125 107 118
204.767 -31.363 961.025 107 92 102
204.767 -30.863 959.978 99 87 96
204.767 -30.363 959.757 98 88 96
205.267 -32.863 965.877 175 138 146
205.267 -32.363 964.179 153 128 136
205.267 -31.863 962.361 134 115 124
205.267 -31.363 961.192 118 101 111
205.267 -30.863 960.274 103 91 100
205.267 -30.363 959.854 98 88 96
205.767 -32.863 967.183 185 144 153
205.767 -32.363 965.115 161 132 144
205.767 -31.863 963.477 141 120 129
205.767 -31.363 961.575 124 108 116
205.767 -30.863 960.441 108 96 105
205.767 -30.363 960.083 98 92 99
206.267 -32.363 965.531 171 138 146
206.267 -31.863 964.203 146 122 131
206.267 -31.363 962.766 133 113 122
206.267 -30.863 960.869 116 101 110
206.267 -30.363 960.263 105 95 104
206.267 -29.863 959.880 103 96 104
206.767 -32.363 966.964 181 139 146
206.767 -31.863 965.002 152 122 131
206.767 -31.363 963.301 140 119 126
206.767 -30.863 961.259 119 103 111
206.767 -30.363 960.422 108 98 106
206.767 -29.863 960.062 108 98 107
207.267 -32.363 967.572 180 126 134
207.267 -31.863 965.854 168 131 139
207.267 -31.363 963.951 147 120 129
207.267 -30.863 961.821 126 108 117
207.267 -30.363 960.674 109 98 106
207.267 -29.863 960.175 108 98 107
207.267 -29.363 959.784 112 101 109
207.767 -31.863 966.113 179 138 146
207.767 -31.363 964.329 152 122 130
207.767 -30.863 962.586 137 119 125
207.767 -30.363 961.114 113 102 110
207.767 -29.863 960.457 104 94 103
207.767 -29.363 960.066 108 97 105
208.267 -31.863 966.397 185 140 149
208.267 -31.363 964.949 167 135 141
208.267 -30.863 963.830 144 124 132
208.267 -30.363 962.176 125 113 122
208.267 -29.863 960.821 105 95 103
208.267 -29.363 960.155 105 92 102
208.267 -28.863 959.656 105 92 102
208.767 -31.863 967.364 199 142 150
208.767 -31.363 965.844 181 145 151
208.767 -30.863 964.669 156 137 144
208.767 -30.363 963.203 134 122 132
208.767 -29.863 961.585 111 99 110
208.767 -29.363 960.557 102 90 99
208.767 -28.863 959.748 98 87 96
208.767 -28.363 959.561 100 91 98
209.267 -31.363 966.833 189 144 151
209.267 -30.863 965.390 168 141 149
209.267 -30.363 964.029 144 129 138
209.267 -29.863 962.470 122 110 120
209.267 -29.363 960.816 99 88 98
209.267 -28.863 959.936 101 93 102
209.267 -28.363 959.582 106 98 106
209.767 -31.363 967.246 191 137 144
209.767 -30.863 966.032 175 140 147
209.767 -30.363 965.144 148 125 134
209.767 -29.863 963.329 132 118 126
209.767 -29.363 961.529 108 98 107
209.767 -28.863 959.983 101 94 103
209.767 -28.363 959.574 104 96 107
210.267 -30.863 967.148 181 134 140
210.267 -30.363 965.786 164 131 139
210.267 -29.863 964.173 145 123 132
210.267 -29.363 961.953 120 110 118
210.267 -28.863 960.130 100 94 103
210.267 -28.363 959.726 95 87 98
210.767 -30.863 967.616 184 125 132
210.767 -30.363 966.842 181 136 145
210.767 -29.863 965.401 151 121 130
210.767 -29.363 962.931 129 118 125
210.767 -28.863 960.636 105 98 107
210.767 -28.363 959.820 91 82 95
211.267 -30.363 967.425 187 134 144
211.267 -29.863 965.940 170 133 144
211.267 -29.363 964.107 144 127 137
211.267 -28.863 962.218 123 115 125
211.267 -28.363 960.392 91 84 96
211.767 -29.863 966.210 183 144 150
211.767 -29.363 964.574 155 136 141
211.767 -28.863 962.724 131 122 131
211.767 -28.363 961.212 98 95 104
212.267 -29.863 966.969 190 146 153
212.267 -29.363 965.481 167 141 148
212.267 -28.863 963.383 142 128 137
212.267 -28.363 961.614 115 107 117
212.767 -29.863 967.343 194 140 149
212.767 -29.363 966.460 172 140 148
212.767 -28.863 964.570 146 127 137
212.767 -28.363 962.458 123 111 121
213.267 -29.363 966.684 185 146 154
213.267 -28.863 965.000 145 122 132
213.267 -28.363 963.296 131 119 127
213.767 -29.363 966.878 174 132 140
213.767 -28.863 965.242 157 134 141
213.767 -28.363 963.468 138 122 132
214.267 -29.363 967.060 174 132 139
214.267 -28.863 965.606 171 148 154
214.267 -28.363 963.589 141 125 133
214.767 -29.863 967.460 206 138 148
214.767 -29.363 966.788 192 150 158
214.767 -28.863 965.367 184 159 167
214.767 -28.363 963.503 156 139 150
215.267 -30.363 967.394 210 142 148
215.267 -29.863 966.891 202 146 153
215.267 -29.363 966.007 192 153 161
215.267 -28.863 964.655 187 161 175
215.267 -28.363 963.201 161 148 161
215.767 -31.363 967.504 211 147 155
215.767 -30.863 967.196 210 149 160
215.767 -30.363 966.784 204 147 156
215.767 -29.863 966.227 199 151 163
215.767 -29.363 965.399 188 154 171
215.767 -28.863 964.204 179 157 178
215.767 -28.363 963.036 150 142 161
216.267 -31.863 967.354 216 147 155
216.267 -31.363 966.778 212 150 160
216.267 -30.863 966.362 204 151 163
216.267 -30.363 966.101 198 151 162
216.267 -29.863 965.723 190 153 167
216.267 -29.363 965.061 177 151 170
216.267 -28.863 963.949 153 142 166
216.267 -28.363 962.786 130 129 155
216.767 -32.363 967.193 214 147 159
216.767 -31.863 966.577 216 148 159
216.767 -31.363 965.892 210 149 164
216.767 -30.863 965.731 196 147 163
216.767 -30.363 965.330 183 144 160
216.767 -29.863 964.955 169 142 158
216.767 -29.363 964.244 151 134 154
216.767 -28.863 963.617 129 128 153
216.767 -28.363 962.654 126 132 161
217.267 -32.863 967.264 211 157 173
217.267 -32.363 966.596 198 151 167
217.267 -31.863 965.508 197 148 164
217.267 -31.363 965.043 188 146 166
217.267 -30.863 964.883 173 143 165
217.267 -30.363 964.316 163 143 164
217.267 -29.863 964.075 138 126 148
217.267 -29.363 963.450 128 124 150
217.267 -28.863 963.016 131 137 166
217.267 -28.363 962.477 146 159 186
217.767 -33.363 967.258 201 152 166
217.767 -32.863 966.496 199 161 177
217.767 -32.363 965.597 185 155 172
217.767 -31.863 964.628 171 149 170
217.767 -31.363 964.374 158 143 167
217.767 -30.863 964.008 142 136 161
217.767 -30.363 963.548 132 130 158
217.767 -29.863 963.377 134 136 164
217.767 -29.363 963.084 146 152 183
217.767 -28.863 962.798 162 174 205
217.767 -28.363 962.505 179 195 221
218.267 -33.863 967.164 200 148 154
218.267 -33.363 966.503 195 147 161
218.267 -32.863 965.753 177 151 171
218.267 -32.363 964.761 146 145 170
218.267 -31.863 964.105 141 139 172
218.267 -31.363 963.753 141 144 175
218.267 -30.863 963.413 134 142 173
218.267 -30.363 963.234 140 155 183
218.267 -29.863 963.062 154 171 197
218.267 -29.363 962.850 169 186 212
218.267 -28.863 962.658 177 193 219
218.267 -28.363 962.540 179 195 220
218.767 -34.863 967.331 199 159 167
218.767 -34.363 966.812 191 152 162
218.767 -33.863 966.155 185 153 166
218.767 -33.363 965.697 176 155 174
218.767 -32.863 964.629 163 158 183
218.767 -32.363 964.124 142 153 180
218.767 -31.863 963.639 145 157 187
218.767 -31.363 963.176 152 164 193
218.767 -30.863 963.045 159 173 202
218.767 -30.363 962.997 168 181 210
218.767 -29.863 962.865 175 190 216
218.767 -29.363 962.713 180 194 221
218.767 -28.863 962.607 180 196 222
218.767 -28.363 962.459 180 199 223
219.267 -37.363 966.611 225 217 214
219.267 -36.863 966.647 231 218 217
219.267 -36.363 966.913 228 213 213
219.267 -35.863 966.737 206 187 191
219.267 -35.363 966.677 194 173 179
219.267 -34.863 965.891 189 171 176
219.267 -34.363 965.527 188 168 182
219.267 -33.863 964.994 176 169 189
219.267 -33.363 964.238 154 167 190
219.267 -32.863 963.344 160 181 208
219.267 -32.363 963.139 164 185 215
219.267 -31.863 963.015 168 187 216
219.267 -31.363 962.862 168 188 215
219.267 -30.863 962.821 174 188 217
219.267 -30.363 962.824 179 191 221
219.267 -29.863 962.688 181 192 220
219.267 -29.363 962.548 179 194 220
219.267 -28.863 962.459 179 197 222
219.267 -28.363 962.297 179 201 225
219.767 -37.363 964.486 189 179 177
219.767 -36.863 964.799 184 175 174
219.767 -36.363 964.855 177 169 171
219.767 -35.863 964.963 184 176 182
219.767 -35.363 964.943 184 179 186
219.767 -34.863 964.112 188 184 190
219.767 -34.363 963.913 187 184 199
219.767 -33.863 963.637 175 186 207
219.767 -33.363 962.964 168 197 221
219.767 -32.863 962.890 168 201 226
219.767 -32.363 962.892 172 196 224
219.767 -31.863 962.887 176 196 225
219.767 -31.363 962.827 174 191 219
219.767 -30.863 962.723 179 192 221
219.767 -30.363 962.664 180 194 223
219.767 -29.863 962.506 179 196 222
219.767 -29.363 962.375 179 201 225
219.767 -28.863 962.283 179 202 225
219.767 -28.363 962.160 180 203 227
220.267 -37.363 962.405 218 210 207
220.267 -36.863 962.522 212 207 205
220.267 -36.363 962.701 216 211 213
220.267 -35.863 963.125 207 205 210
220.267 -35.363 963.214 195 194 206
220.267 -34.863 963.148 193 200 212
220.267 -34.363 963.112 187 200 217
220.267 -33.863 962.810 179 201 223
220.267 -33.363 962.792 172 204 227
220.267 -32.863 962.801 175 205 230
220.267 -32.363 962.809 175 199 225
220.267 -31.863 962.785 179 194 225
220.267 -31.363 962.717 179 193 222
220.267 -30.863 962.588 180 196 224
220.267 -30.363 962.441 180 199 227
220.267 -29.863 962.309 179 203 227
220.267 -29.363 962.223 177 205 227
220.267 -28.863 962.093 180 205 228
220.267 -28.363 961.930 183 202 226
220.767 -36.363 961.890 212 210 211
220.767 -35.863 962.309 213 213 218
220.767 -35.363 962.677 198 202 213
220.767 -34.863 962.638 184 200 222
220.767 -34.363 962.651 175 203 224
220.767 -33.863 962.580 174 206 227
220.767 -33.363 962.647 179 205 230
220.767 -32.863 962.657 179 200 229
220.767 -32.363 962.660 175 201 227
220.767 -31.863 962.611 179 196 226
220.767 -31.363 962.463 180 200 227
220.767 -30.863 962.301 179 201 228
220.767 -30.363 962.081 177 204 229
220.767 -29.863 962.025 179 205 228
220.767 -29.363 961.927 184 207 231
220.767 -28.863 961.771 181 202 226
220.767 -28.363 961.603 174 190 213
221.267 -36.363 961.495 204 202 202
221.267 -35.863 961.513 203 204 209
221.267 -35.363 961.990 193 200 211
221.267 -34.863 962.094 179 201 225
221.267 -34.363 962.352 181 210 232
221.267 -33.863 962.413 176 207 230
221.267 -33.363 962.468 180 207 232
221.267 -32.863 962.468 179 203 229
221.267 -32.363 962.422 175 202 227
221.267 -31.863 962.351 176 202 229
221.267 -31.363 962.161 179 204 229
221.267 -30.863 961.951 180 202 226
221.267 -30.363 961.788 181 200 223
221.267 -29.863 961.666 180 196 218
221.267 -29.363 961.535 171 183 202
221.267 -28.863 961.428 148 156 174
221.267 -28.363 961.312 131 134 147
221.767 -35.863 961.269 193 192 197
221.767 -35.363 961.452 190 194 205
221.767 -34.863 961.642 193 213 232
221.767 -34.363 962.006 184 204 225
221.767 -33.863 962.182 181 206 228
221.767 -33.363 962.239 181 207 230
221.767 -32.863 962.226 181 207 232
221.767 -32.363 962.110 179 204 227
221.767 -31.863 961.961 177 202 227
221.767 -31.363 961.692 183 204 228
221.767 -30.863 961.533 180 196 218
221.767 -30.363 961.439 159 168 187
221.767 -29.863 961.245 143 147 162
221.767 -29.363 961.074 137 139 151
221.767 -28.863 960.986 141 139 147
221.767 -28.363 960.979 150 144 148
222.267 -35.863 961.184 172 168 173
222.267 -35.363 961.260 184 181 188
222.267 -34.863 961.408 198 210 224
222.267 -34.363 961.610 195 209 226
222.267 -33.863 961.892 187 205 224
222.267 -33.363 961.925 180 201 222
222.267 -32.863 961.895 184 204 228
222.267 -32.363 961.748 184 204 228
222.267 -31.863 961.495 181 198 220
222.267 -31.363 961.217 168 179 200
222.267 -30.863 961.015 148 156 173
222.267 -30.363 960.935 136 138 151
222.267 -29.863 960.788 145 141 150
222.267 -29.363 960.723 161 154 158
222.267 -28.863 960.623 170 161 162
222.267 -28.363 960.643 179 168 167
222.767 -35.363 961.090 171 166 172
222.767 -34.863 961.124 190 192 201
222.767 -34.363 961.276 215 220 232
222.767 -33.863 961.528 196 206 221
222.767 -33.363 961.438 179 191 207
222.767 -32.863 961.410 179 194 212
222.767 -32.363 961.302 168 181 200
222.767 -31.863 961.005 151 159 177
222.767 -31.363 960.853 140 142 157
222.767 -30.863 960.644 144 141 153
222.767 -30.363 960.600 150 143 149
222.767 -29.863 960.480 170 158 159
222.767 -29.363 960.482 184 169 166
222.767 -28.863 960.430 187 171 166
223.267 -34.863 960.965 179 177 183
223.267 -34.363 961.023 213 214 222
223.267 -33.863 961.115 198 201 212
223.267 -33.363 960.946 171 176 188
223.267 -32.863 960.889 157 162 174
223.267 -32.363 960.808 159 164 176
223.267 -31.863 960.569 157 156 167
223.267 -31.363 960.377 157 154 162
223.267 -30.863 960.293 162 153 159
223.267 -30.363 960.272 168 156 157
223.267 -29.863 960.242 179 164 160
223.267 -29.363 960.300 184 167 159
223.767 -34.863 960.796 156 155 161
223.767 -34.363 960.779 179 180 185
223.767 -33.863 960.764 179 180 186
223.767 -33.363 960.674 173 172 178
223.767 -32.863 960.513 179 177 183
223.767 -32.363 960.361 180 177 180
223.767 -31.863 960.256 175 170 171
223.767 -31.363 960.125 180 172 174
223.767 -29.863 960.153 158 144 141
224.267 -34.363 960.613 155 156 161
224.267 -33.863 960.553 174 174 178
224.267 -33.363 960.450 184 183 184
224.267 -32.863 960.274 194 189 188
224.267 -32.363 960.150 195 187 185
224.267 -29.863 960.197 181 170 166
224.767 -34.363 960.538 143 143 148
224.767 -33.863 960.401 164 164 166
224.767 -33.363 960.281 179 179 176
224.767 -30.363 960.184 159 148 145
225.267 -34.363 960.499 131 130 137
225.267 -33.863 960.346 149 148 152
209.767 -27.863 959.458 108 100 111
210.267 -27.863 959.568 95 87 98
210.767 -27.863 959.559 88 81 94
211.267 -27.863 959.665 83 77 89
211.267 -27.363 959.565 82 76 90
211.767 -27.863 959.943 81 78 87
211.767 -27.363 959.637 81 78 89
212.267 -27.863 960.211 90 85 94
212.267 -27.363 959.742 84 82 94
212.267 -26.863 959.691 84 81 94
212.767 -27.863 960.535 108 101 111
212.767 -27.363 959.798 104 103 111
212.767 -26.863 959.702 97 95 106
213.267 -27.863 961.604 113 104 113
213.267 -27.363 960.224 105 101 108
213.267 -26.863 959.819 109 107 116
213.767 -27.863 962.038 118 106 114
213.767 -27.363 960.714 109 102 110
213.767 -26.863 959.972 109 104 112
213.767 -26.363 959.833 101 94 105
214.267 -27.863 962.125 124 113 121
214.267 -27.363 960.953 116 108 116
214.267 -26.863 960.241 107 100 108
214.267 -26.363 959.968 110 100 111
214.767 -27.863 962.323 126 117 124
214.767 -27.363 961.382 113 107 114
214.767 -26.863 960.528 109 101 108
214.767 -26.363 960.107 111 97 107
214.767 -25.863 960.081 118 100 111
215.267 -27.863 962.293 126 121 129
215.267 -27.363 961.420 110 106 112
215.267 -26.863 960.683 110 98 104
215.267 -26.363 960.286 118 97 107
215.267 -25.863 960.169 125 102 113
215.767 -27.863 962.238 123 117 130
215.767 -27.363 961.429 110 100 110
215.767 -26.863 960.833 117 97 106
215.767 -26.363 960.482 121 99 106
215.767 -25.863 960.255 125 102 110
215.767 -25.363 960.181 127 104 112
216.267 -27.863 962.091 130 125 145
216.267 -27.363 961.377 122 105 121
216.267 -26.863 960.881 126 101 113
216.267 -26.363 960.611 125 99 106
216.267 -25.863 960.360 123 102 105
216.267 -25.363 960.189 135 113 116
216.767 -27.863 961.977 136 136 158
216.767 -27.363 961.463 132 120 138
216.767 -26.863 961.018 127 105 118
216.767 -26.363 960.689 122 100 108
216.767 -25.863 960.440 123 104 108
216.767 -25.363 960.170 138 118 119
216.767 -24.863 959.995 172 151 152
217.267 -27.863 961.960 177 185 207
217.267 -27.363 961.645 174 170 188
217.267 -26.863 961.288 126 109 124
217.267 -26.363 960.796 125 105 116
217.267 -25.863 960.501 119 102 110
217.267 -25.363 960.133 132 113 114
217.767 -27.863 962.098 185 197 219
217.767 -27.363 961.670 195 197 215
217.767 -26.863 961.362 144 135 149
217.767 -26.363 960.917 124 108 121
217.767 -25.863 960.543 119 103 114
217.767 -25.363 960.158 124 108 110
218.267 -27.863 962.188 184 198 220
218.267 -27.363 961.710 194 202 221
218.267 -26.863 961.433 176 176 192
218.267 -26.363 961.053 117 108 120
218.267 -25.863 960.617 118 103 113
218.767 -27.863 962.190 181 201 225
218.767 -27.363 961.792 188 203 227
218.767 -26.863 961.481 197 204 222
218.767 -26.363 961.111 130 127 141
218.767 -25.863 960.678 118 105 116
219.267 -27.863 962.129 179 203 231
219.267 -27.363 961.851 184 206 234
219.267 -26.863 961.518 195 209 230
219.267 -26.363 961.130 167 168 181
219.767 -27.863 961.988 183 205 233
219.767 -27.363 961.772 184 205 233
219.767 -26.863 961.471 190 204 225
219.767 -26.363 961.107 158 160 174
220.267 -27.863 961.752 185 202 226
220.267 -27.363 961.519 172 184 205
220.267 -26.863 961.316 145 151 167
220.267 -26.363 961.084 136 135 146
220.767 -27.863 961.458 149 158 177
220.767 -27.363 961.281 132 134 148
220.767 -26.863 961.164 134 131 143
221.267 -27.863 961.184 142 141 151
221.267 -27.363 961.095 151 146 153
221.767 -27.863 960.957 160 153 156
221.767 -27.363 960.897 158 149 149
197.767 -39.363 967.734 228 176 185
197.767 -38.863 967.786 221 167 176
197.767 -38.363 967.822 217 156 165
198.267 -40.363 967.915 228 175 182
198.267 -39.863 968.159 226 163 171
198.267 -39.363 968.365 221 150 160
198.267 -38.863 968.440 217 142 153
198.267 -38.363 968.167 221 140 148
198.267 -37.863 967.935 210 135 142
198.767 -41.863 967.992 225 184 192
198.767 -41.363 968.151 228 174 180
198.767 -40.863 968.182 222 159 167
198.767 -40.363 968.413 219 148 156
198.767 -39.863 968.588 218 139 147
198.767 -39.363 968.649 220 137 144
198.767 -38.863 968.788 222 136 144
198.767 -38.363 968.573 224 133 142
198.767 -37.863 968.512 226 137 147
199.267 -42.863 967.876 223 187 192
199.267 -42.363 968.197 221 169 175
199.267 -41.863 968.448 219 153 163
199.267 -41.363 968.562 218 143 154
199.267 -40.863 968.675 217 137 148
199.267 -40.363 968.799 221 135 147
199.267 -39.863 968.934 223 134 144
199.267 -39.363 968.993 224 135 143
199.267 -38.863 969.045 222 136 142
199.267 -38.363 968.895 223 136 145
199.267 -37.863 968.863 225 135 144
199.767 -44.363 967.874 236 214 219
199.767 -43.863 968.445 228 190 195
199.767 -43.363 968.488 219 166 171
199.767 -42.863 968.538 216 151 156
199.767 -42.363 968.690 218 143 150
199.767 -41.863 968.889 220 138 147
199.767 -41.363 968.965 219 135 145
199.767 -40.863 969.024 221 134 143
199.767 -40.363 969.117 224 132 143
199.767 -39.863 969.186 226 133 143
199.767 -39.363 969.261 226 134 143
199.767 -38.863 969.197 225 135 143
199.767 -38.363 969.110 223 136 145
199.767 -37.863 969.070 224 135 144
200.267 -44.863 967.956 238 207 211
200.267 -44.363 968.705 213 164 168
200.267 -43.863 969.000 214 147 154
200.267 -43.363 969.060 216 136 143
200.267 -42.863 969.123 220 135 142
200.267 -42.363 969.227 224 135 143
200.267 -41.863 969.259 224 134 143
200.267 -41.363 969.251 225 135 142
200.267 -40.863 969.247 225 134 142
200.267 -40.363 969.316 225 133 140
200.267 -39.863 969.335 225 133 143
200.267 -39.363 969.354 225 134 143
200.267 -38.863 969.322 225 135 144
200.267 -38.363 969.303 223 135 144
200.267 -37.863 969.224 224 136 144
200.767 -45.363 967.628 233 208 211
200.767 -44.863 968.690 215 169 173
200.767 -44.363 969.104 213 143 151
200.767 -43.863 969.311 217 134 144
200.767 -43.363 969.398 224 132 143
200.767 -42.863 969.436 224 134 143
200.767 -42.363 969.480 221 135 143
200.767 -41.863 969.471 221 137 144
200.767 -41.363 969.469 224 136 142
200.767 -40.863 969.474 225 136 142
200.767 -40.363 969.498 224 136 142
200.767 -39.863 969.504 224 136 142
200.767 -39.363 969.485 223 136 144
200.767 -38.863 969.443 222 136 144
200.767 -38.363 969.397 223 135 143
200.767 -37.863 969.305 223 136 144
201.267 -45.363 968.241 212 187 188
201.267 -44.863 969.155 223 175 178
201.267 -44.363 969.415 217 143 153
201.267 -43.863 969.568 217 132 143
201.267 -43.363 969.635 224 132 143
201.267 -42.863 969.599 223 134 142
201.267 -42.363 969.577 221 135 141
201.267 -41.863 969.567 221 136 144
201.267 -41.363 969.573 225 135 143
201.267 -40.863 969.588 224 135 143
201.267 -40.363 969.607 223 134 142
201.267 -39.863 969.613 223 134 142
201.267 -39.363 969.590 223 134 143
201.267 -38.863 969.542 224 135 144
201.267 -38.363 969.515 226 134 143
201.267 -37.863 969.459 224 136 144
201.767 -45.363 968.621 222 201 200
201.767 -44.863 969.421 232 188 190
201.767 -44.363 969.620 221 151 159
201.767 -43.863 969.731 215 134 142
201.767 -43.363 969.793 222 133 141
201.767 -42.863 969.787 224 134 140
201.767 -42.363 969.769 225 134 139
201.767 -41.863 969.710 227 134 140
201.767 -41.363 969.671 227 134 144
201.767 -40.863 969.688 225 133 143
201.767 -40.363 969.725 225 133 143
201.767 -39.863 969.747 224 133 142
201.767 -39.363 969.738 225 134 143
201.767 -38.863 969.683 226 135 142
201.767 -38.363 969.644 227 132 142
201.767 -37.863 969.625 225 137 145
202.267 -45.363 968.492 217 201 199
202.267 -44.863 969.455 230 201 199
202.267 -44.363 969.694 225 175 179
202.267 -43.863 969.802 213 139 145
202.267 -43.363 969.899 223 132 139
202.267 -42.863 969.931 224 133 138
202.267 -42.363 969.878 223 134 139
202.267 -41.863 969.805 224 132 141
202.267 -41.363 969.767 226 133 141
202.267 -40.863 969.775 225 133 141
202.267 -40.363 969.788 225 134 141
202.267 -39.863 969.812 224 135 141
202.267 -39.363 969.823 224 135 141
202.267 -38.863 969.817 224 135 141
202.267 -38.363 969.722 225 135 143
202.267 -37.863 969.683 226 135 144
202.767 -45.363 968.537 206 193 190
202.767 -44.863 969.433 221 200 198
202.767 -44.363 969.697 235 198 197
202.767 -43.863 969.824 213 144 149
202.767 -43.363 969.930 221 132 140
202.767 -42.863 969.967 224 132 139
202.767 -42.363 969.955 224 132 140
202.767 -41.863 969.917 224 133 142
202.767 -41.363 969.858 223 133 140
202.767 -40.863 969.864 224 134 141
202.767 -40.363 969.839 225 135 142
202.767 -39.863 969.864 225 134 141
202.767 -39.363 969.878 224 134 141
202.767 -38.863 969.909 224 134 141
202.767 -38.363 969.844 224 134 142
202.767 -37.863 969.734 224 135 143
203.267 -45.363 968.045 200 189 185
203.267 -44.863 969.331 204 190 186
203.267 -44.363 969.668 224 200 196
203.267 -43.863 969.823 223 169 171
203.267 -43.363 969.909 217 136 142
203.267 -42.863 969.960 224 131 139
203.267 -42.363 969.991 224 132 139
203.267 -41.863 969.992 224 133 140
203.267 -41.363 969.944 222 135 141
203.267 -40.863 969.914 224 135 141
203.267 -40.363 969.896 225 135 142
203.267 -39.863 969.905 225 134 141
203.267 -39.363 969.936 225 134 141
203.267 -38.863 969.977 225 133 141
203.267 -38.363 969.973 224 134 141
203.267 -37.863 969.926 225 135 141
203.767 -44.863 969.175 197 188 184
203.767 -44.363 969.613 215 201 195
203.767 -43.863 969.796 238 197 196
203.767 -43.363 969.892 212 143 149
203.767 -42.863 969.967 222 134 142
203.767 -42.363 970.017 224 131 139
203.767 -41.863 970.030 224 133 140
203.767 -41.363 970.008 222 134 140
203.767 -40.863 969.958 224 135 141
203.767 -40.363 969.943 224 135 141
203.767 -39.863 969.948 224 133 140
203.767 -39.363 969.984 225 134 141
203.767 -38.863 970.023 226 133 141
203.767 -38.363 970.041 224 133 140
203.767 -37.863 970.030 225 135 142
204.267 -44.863 968.848 201 193 189
204.267 -44.363 969.512 212 202 196
204.267 -43.863 969.731 232 205 201
204.267 -43.363 969.856 219 164 167
204.267 -42.863 969.945 215 135 142
204.267 -42.363 970.016 222 131 138
204.267 -41.863 970.041 224 132 140
204.267 -41.363 970.044 223 133 140
204.267 -40.863 970.034 224 135 141
204.267 -40.363 970.025 224 134 141
204.267 -39.863 970.011 224 133 140
204.267 -39.363 970.038 223 132 139
204.267 -38.863 970.062 225 134 141
204.267 -38.363 970.089 224 138 145
204.267 -37.863 970.086 220 134 142
204.767 -44.863 968.479 220 211 208
204.767 -44.363 969.435 202 191 187
204.767 -43.863 969.629 220 200 196
204.767 -43.363 969.798 236 194 195
204.767 -42.863 969.909 213 142 147
204.767 -42.363 969.995 220 131 138
204.767 -41.863 970.030 223 130 138
204.767 -41.363 970.067 223 132 139
204.767 -40.863 970.071 224 133 140
204.767 -40.363 970.070 224 133 140
204.767 -39.863 970.065 225 134 141
204.767 -39.363 970.088 224 135 141
204.767 -38.863 970.098 223 135 141
204.767 -38.363 970.117 214 135 141
204.767 -37.863 970.119 213 139 144
205.267 -44.363 969.217 203 192 188
205.267 -43.863 969.553 195 184 177
205.267 -43.363 969.689 223 193 191
205.267 -42.863 969.797 221 162 165
205.267 -42.363 969.892 215 134 140
205.267 -41.863 969.946 223 132 139
205.267 -41.363 970.051 222 132 140
205.267 -40.863 970.084 223 133 140
205.267 -40.363 970.100 223 133 140
205.267 -39.863 970.103 225 132 139
205.267 -39.363 970.105 224 134 142
205.267 -38.863 970.105 220 138 143
205.267 -38.363 970.120 232 168 170
205.267 -37.863 970.121 200 140 140
205.767 -44.363 968.739 224 215 210
205.767 -43.863 969.476 171 160 155
205.767 -43.363 969.632 193 168 167
205.767 -42.863 969.738 230 181 183
205.767 -42.363 969.864 213 139 144
205.767 -41.863 969.925 221 132 140
205.767 -41.363 970.048 224 133 142
205.767 -40.863 970.107 222 133 141
205.767 -40.363 970.155 223 133 140
205.767 -39.863 970.138 227 130 139
205.767 -39.363 970.120 225 131 142
205.767 -38.863 970.108 218 139 145
205.767 -38.363 970.111 234 171 172
205.767 -37.863 970.100 221 159 160
206.267 -44.363 968.205 237 231 224
206.267 -43.863 969.269 194 177 175
206.267 -43.363 969.576 166 142 140
206.267 -42.863 969.688 209 173 172
206.267 -42.363 969.849 214 154 156
206.267 -41.863 969.950 219 133 140
206.267 -41.363 970.082 224 131 142
206.267 -40.863 970.159 223 133 141
206.267 -40.363 970.178 223 134 140
206.267 -39.863 970.164 224 132 139
206.267 -39.363 970.134 223 131 139
206.267 -38.863 970.110 222 135 143
206.267 -38.363 970.081 217 138 144
206.267 -37.863 970.071 219 139 146
206.767 -43.863 968.844 215 196 194
206.767 -43.363 969.433 164 143 142
206.767 -42.863 969.617 181 158 153
206.767 -42.363 969.830 226 179 179
206.767 -41.863 969.982 213 138 144
206.767 -41.363 970.129 223 131 142
206.767 -40.863 970.192 222 131 141
206.767 -40.363 970.202 222 132 139
206.767 -39.863 970.191 224 133 140
206.767 -39.363 970.143 223 132 139
206.767 -38.863 970.114 225 131 141
206.767 -38.363 970.078 225 133 142
206.767 -37.863 970.064 222 131 140
207.267 -43.863 968.033 225 210 209
207.267 -43.363 969.139 189 174 171
207.267 -42.863 969.534 177 160 155
207.267 -42.363 969.736 221 186 185
207.267 -41.863 969.981 215 157 160
207.267 -41.363 970.161 217 131 142
207.267 -40.863 970.238 220 130 140
207.267 -40.363 970.252 223 132 139
207.267 -39.863 970.224 223 133 140
207.267 -39.363 970.172 223 133 140
207.267 -38.863 970.141 226 131 140
207.267 -38.363 970.088 226 132 140
207.267 -37.863 970.042 224 133 140
207.767 -43.363 968.346 214 204 202
207.767 -42.863 969.249 184 168 164
207.767 -42.363 969.679 211 184 181
207.767 -41.863 969.948 225 187 185
207.767 -41.363 970.130 212 136 144
207.767 -40.863 970.253 221 133 142
207.767 -40.363 970.284 225 131 139
207.767 -39.863 970.286 224 132 140
207.767 -39.363 970.212 223 134 140
207.767 -38.863 970.193 225 132 140
207.767 -38.363 970.111 225 132 138
207.767 -37.863 970.047 224 133 138
208.267 -42.863 968.818 200 184 180
208.267 -42.363 969.572 211 189 185
208.267 -41.863 969.920 226 201 196
208.267 -41.363 970.114 220 155 159
208.267 -40.863 970.224 217 132 141
208.267 -40.363 970.275 226 130 139
208.267 -39.863 970.282 224 132 140
208.267 -39.363 970.240 223 133 138
208.267 -38.863 970.217 223 133 140
208.267 -38.363 970.150 225 132 138
208.267 -37.863 970.086 225 133 138
208.767 -42.863 967.963 213 203 198
208.767 -42.363 969.327 203 189 183
208.767 -41.863 969.773 219 200 196
208.767 -41.363 969.960 231 188 186
208.767 -40.863 970.129 211 138 143
208.767 -40.363 970.228 225 128 139
208.767 -39.863 970.231 223 131 139
208.767 -39.363 970.229 220 134 140
208.767 -38.863 970.213 224 134 141
208.767 -38.363 970.188 225 133 141
208.767 -37.863 970.094 223 132 139
209.267 -42.363 968.916 197 184 178
209.267 -41.863 969.625 212 196 190
209.267 -41.363 969.863 232 201 197
209.267 -40.863 970.025 218 156 159
209.267 -40.363 970.142 220 133 141
209.267 -39.863 970.178 223 131 140
209.267 -39.363 970.211 223 133 140
209.267 -38.863 970.181 225 133 140
209.267 -38.363 970.142 224 133 140
209.267 -37.863 970.082 224 133 140
209.767 -42.363 968.381 211 200 196
209.767 -41.863 969.343 200 186 182
209.767 -41.363 969.683 218 200 194
209.767 -40.863 969.866 232 186 185
209.767 -40.363 969.984 212 137 143
209.767 -39.863 970.098 222 132 141
209.767 -39.363 970.133 226 132 142
209.767 -38.863 970.141 224 132 142
209.767 -38.363 970.127 224 133 140
209.767 -37.863 970.050 225 134 141
210.267 -41.863 969.008 190 179 175
210.267 -41.363 969.471 198 187 181
210.267 -40.863 969.703 228 199 196
210.267 -40.363 969.887 215 157 159
210.267 -39.863 969.990 216 135 141
210.267 -39.363 970.047 225 130 140
210.267 -38.863 970.084 224 131 141
210.267 -38.363 970.059 223 132 140
210.267 -37.863 970.039 224 133 140
210.767 -41.863 968.472 206 196 192
210.767 -41.363 969.273 196 183 179
210.767 -40.863 969.551 216 199 192
210.767 -40.363 969.729 228 189 187
210.767 -39.863 969.894 210 138 142
210.767 -39.363 969.994 223 131 141
210.767 -38.863 970.054 223 132 141
210.767 -38.363 970.049 223 132 139
210.767 -37.863 970.038 224 133 140
211.267 -41.363 968.799 203 186 185
211.267 -40.863 969.400 209 198 191
211.267 -40.363 969.652 232 204 197
211.267 -39.863 969.754 220 157 159
211.267 -39.363 969.928 222 133 143
211.267 -38.863 970.043 222 131 140
211.267 -38.363 970.047 222 131 138
211.267 -37.863 970.037 223 132 139
211.767 -41.363 968.156 220 200 199
211.767 -40.863 969.126 211 198 194
211.767 -40.363 969.516 219 199 194
211.767 -39.863 969.696 233 185 187
211.767 -39.363 969.849 215 138 144
211.767 -38.863 970.010 223 133 141
211.767 -38.363 970.033 223 131 140
211.767 -37.863 970.024 223 132 139
212.267 -41.363 967.633 226 215 211
212.267 -40.863 968.683 207 196 192
212.267 -40.363 969.286 214 196 193
212.267 -39.863 969.601 230 195 194
212.267 -39.363 969.821 215 154 156
212.267 -38.863 969.936 218 132 140
212.267 -38.363 970.005 224 131 141
212.267 -37.863 969.966 223 132 141
212.767 -40.863 968.272 213 202 198
212.767 -40.363 968.903 204 185 182
212.767 -39.863 969.399 211 186 182
212.767 -39.363 969.697 231 184 184
212.767 -38.863 969.834 215 139 144
212.767 -38.363 969.934 221 130 139
212.767 -37.863 969.894 223 131 141
213.267 -40.863 967.808 228 213 211
213.267 -40.363 968.723 196 176 175
213.267 -39.863 969.120 189 170 166
213.267 -39.363 969.432 226 191 190
213.267 -38.863 969.702 217 151 156
213.267 -38.363 969.815 218 130 140
213.267 -37.863 969.829 222 131 140
213.767 -40.363 968.245 209 191 189
213.767 -39.863 968.984 168 151 147
213.767 -39.363 969.343 193 163 161
213.767 -38.863 969.598 231 177 180
213.767 -38.363 969.671 214 135 142
213.767 -37.863 969.769 217 129 138
214.267 -40.363 967.633 227 221 217
214.267 -39.863 968.800 186 172 170
214.267 -39.363 969.208 175 149 148
214.267 -38.863 969.501 224 188 188
214.267 -38.363 969.614 219 150 156
214.267 -37.863 969.664 215 130 139
214.767 -39.863 968.211 212 202 199
214.767 -39.363 969.023 176 156 152
214.767 -38.863 969.369 214 190 186
214.767 -38.363 969.519 235 179 182
214.767 -37.863 969.593 214 137 143
215.267 -39.363 968.504 194 180 176
215.267 -38.863 969.079 203 184 178
215.267 -38.363 969.381 230 193 190
215.267 -37.863 969.488 219 157 160
215.767 -39.363 967.887 226 216 212
215.767 -38.863 968.665 209 193 188
215.767 -38.363 969.104 217 194 189
215.767 -37.863 969.373 230 184 183
216.267 -38.863 968.205 211 201 195
216.267 -38.363 968.788 211 200 192
216.267 -37.863 969.122 226 195 192
216.767 -38.863 967.715 216 210 204
216.767 -38.363 968.495 212 203 196
216.767 -37.863 968.859 220 196 193
217.267 -38.363 968.075 209 199 196
217.267 -37.863 968.687 210 192 189
217.767 -37.863 968.405 208 194 192
218.267 -37.863 967.774 209 198 196
198.267 -37.363 967.681 195 135 144
198.767 -37.363 968.254 215 137 147
198.767 -36.863 967.714 186 129 138
199.267 -37.363 968.722 221 135 144
199.267 -36.863 968.341 206 137 144
199.767 -37.363 969.004 225 135 144
199.767 -36.863 968.931 217 139 148
200.267 -37.363 969.151 225 135 144
200.267 -36.863 969.155 223 135 145
200.267 -36.363 968.569 212 139 148
200.767 -37.363 969.208 224 135 143
200.767 -36.863 969.242 226 135 144
200.767 -36.363 969.161 220 136 146
200.767 -35.863 968.536 202 138 147
201.267 -37.363 969.303 223 137 142
201.267 -36.863 969.329 224 136 142
201.267 -36.363 969.214 225 134 144
201.267 -35.863 969.096 214 139 149
201.267 -35.363 967.895 188 131 139
201.767 -37.363 969.470 220 139 143
201.767 -36.863 969.452 223 136 140
201.767 -36.363 969.329 228 135 145
201.767 -35.863 969.139 220 137 148
201.767 -35.363 968.631 205 139 148
202.267 -37.363 969.590 225 136 144
202.267 -36.863 969.515 226 136 145
202.267 -36.363 969.447 224 136 147
202.267 -35.863 969.310 223 136 148
202.267 -35.363 968.900 219 138 149
202.767 -37.363 969.679 224 135 143
202.767 -36.863 969.646 223 136 144
202.767 -36.363 969.540 223 137 145
202.767 -35.863 969.516 223 137 146
202.767 -35.363 969.394 221 139 148
202.767 -34.863 968.470 208 146 155
203.267 -37.363 969.785 224 136 142
203.267 -36.863 969.724 224 136 142
203.267 -36.363 969.681 223 137 143
203.267 -35.863 969.672 223 137 143
203.267 -35.363 969.638 223 138 146
203.267 -34.863 969.292 215 140 151
203.767 -37.363 969.949 225 135 141
203.767 -36.863 969.848 226 135 142
203.767 -36.363 969.769 226 135 142
203.767 -35.863 969.714 226 135 142
203.767 -35.363 969.665 226 136 144
203.767 -34.863 969.512 220 136 146
203.767 -34.363 968.779 202 139 147
204.267 -37.363 970.051 221 135 142
204.267 -36.863 969.971 224 136 144
204.267 -36.363 969.918 225 135 142
204.267 -35.863 969.757 226 134 142
204.267 -35.363 969.639 226 135 144
204.267 -34.863 969.492 224 136 147
204.267 -34.363 969.176 217 137 149
204.267 -33.863 968.130 193 143 149
204.767 -37.363 970.106 224 146 152
204.767 -36.863 970.046 217 136 143
204.767 -36.363 969.966 221 137 144
204.767 -35.863 969.783 223 135 144
204.767 -35.363 969.620 223 135 144
204.767 -34.863 969.528 222 134 144
204.767 -34.363 969.237 226 135 150
204.767 -33.863 968.634 201 140 148
205.267 -37.363 970.123 220 153 156
205.267 -36.863 970.065 217 141 146
205.267 -36.363 969.988 219 137 143
205.267 -35.863 969.891 222 137 144
205.267 -35.363 969.634 222 136 143
205.267 -34.863 969.554 224 135 144
205.267 -34.363 969.408 225 134 145
205.267 -33.863 968.842 209 135 144
205.267 -33.363 967.810 195 144 150
205.767 -37.363 970.099 215 143 147
205.767 -36.863 970.080 220 139 145
205.767 -36.363 970.040 223 136 144
205.767 -35.863 969.830 225 135 144
205.767 -35.363 969.665 223 135 144
205.767 -34.863 969.606 223 135 144
205.767 -34.363 969.535 225 135 144
205.767 -33.863 969.019 217 136 144
205.767 -33.363 968.310 204 141 149
206.267 -37.363 970.064 220 135 143
206.267 -36.863 970.051 225 134 143
206.267 -36.363 969.996 226 134 144
206.267 -35.863 969.895 227 134 144
206.267 -35.363 969.713 226 134 144
206.267 -34.863 969.624 222 136 143
206.267 -34.363 969.601 225 135 144
206.267 -33.863 969.436 224 134 145
206.267 -33.363 968.641 210 135 145
206.267 -32.863 967.774 192 140 150
206.767 -37.363 970.021 224 133 141
206.767 -36.863 969.995 226 133 143
206.767 -36.363 969.977 225 133 143
206.767 -35.863 969.906 225 134 143
206.767 -35.363 969.789 224 135 144
206.767 -34.863 969.667 222 136 143
206.767 -34.363 969.618 225 134 142
206.767 -33.863 969.577 226 134 144
206.767 -33.363 969.188 219 134 144
206.767 -32.863 968.371 196 132 142
207.267 -37.363 970.011 224 133 140
207.267 -36.863 969.980 224 133 140
207.267 -36.363 969.975 224 134 142
207.267 -35.863 969.910 223 135 144
207.267 -35.363 969.853 223 136 144
207.267 -34.863 969.672 223 135 143
207.267 -34.363 969.647 223 136 142
207.267 -33.863 969.628 226 134 143
207.267 -33.363 969.418 225 133 144
207.267 -32.863 968.714 210 134 145
207.767 -37.363 970.001 224 133 140
207.767 -36.863 969.981 223 134 140
207.767 -36.363 969.979 223 133 142
207.767 -35.863 969.932 224 134 143
207.767 -35.363 969.862 224 135 144
207.767 -34.863 969.680 226 134 143
207.767 -34.363 969.643 221 137 140
207.767 -33.863 969.575 223 136 140
207.767 -33.363 969.420 222 131 139
207.767 -32.863 968.791 215 132 142
207.767 -32.363 967.862 196 132 140
208.267 -37.363 970.038 224 133 138
208.267 -36.863 970.007 224 133 140
208.267 -36.363 970.000 224 133 141
208.267 -35.863 969.932 225 134 143
208.267 -35.363 969.869 226 134 144
208.267 -34.863 969.680 226 134 142
208.267 -34.363 969.622 221 137 140
208.267 -33.863 969.507 221 137 140
208.267 -33.363 969.364 225 135 143
208.267 -32.863 968.960 218 132 143
208.267 -32.363 968.098 203 128 138
208.767 -37.363 970.043 223 132 139
208.767 -36.863 969.970 224 133 140
208.767 -36.363 969.926 224 133 142
208.767 -35.863 969.892 224 133 142
208.767 -35.363 969.849 226 135 142
208.767 -34.863 969.743 225 135 140
208.767 -34.363 969.633 225 136 141
208.767 -33.863 969.549 225 136 142
208.767 -33.363 969.376 224 134 143
208.767 -32.863 969.137 221 134 143
208.767 -32.363 968.503 217 130 139
209.267 -37.363 970.037 224 133 140
209.267 -36.863 969.925 224 133 140
209.267 -36.363 969.863 224 133 142
209.267 -35.863 969.824 224 133 142
209.267 -35.363 969.818 225 134 143
209.267 -34.863 969.749 225 135 141
209.267 -34.363 969.638 225 136 141
209.267 -33.863 969.533 225 135 143
209.267 -33.363 969.328 224 134 143
209.267 -32.863 969.137 222 135 143
209.267 -32.363 968.543 219 132 141
209.267 -31.863 967.703 200 137 146
209.767 -37.363 969.994 224 133 140
209.767 -36.863 969.877 223 132 140
209.767 -36.363 969.854 224 133 142
209.767 -35.863 969.829 224 133 142
209.767 -35.363 969.825 225 134 143
209.767 -34.863 969.808 225 135 142
209.767 -34.363 969.688 225 136 142
209.767 -33.863 969.553 225 135 144
209.767 -33.363 969.460 223 133 142
209.767 -32.863 969.165 222 135 143
209.767 -32.363 968.600 222 135 144
209.767 -31.863 967.877 207 135 144
210.267 -37.363 969.999 224 133 140
210.267 -36.863 969.908 224 133 140
210.267 -36.363 969.858 224 133 142
210.267 -35.863 969.834 225 134 143
210.267 -35.363 969.827 225 134 143
210.267 -34.863 969.782 225 134 141
210.267 -34.363 969.760 225 136 142
210.267 -33.863 969.581 224 134 143
210.267 -33.363 969.482 224 134 143
210.267 -32.863 969.259 223 136 144
210.267 -32.363 968.907 223 136 144
210.267 -31.863 968.291 215 134 143
210.267 -31.363 967.712 195 128 136
210.767 -37.363 970.027 225 134 141
210.767 -36.863 969.958 224 133 140
210.767 -36.363 969.891 224 133 142
210.767 -35.863 969.863 225 134 143
210.767 -35.363 969.844 225 134 143
210.767 -34.863 969.783 225 134 143
210.767 -34.363 969.762 225 135 144
210.767 -33.863 969.676 224 134 143
210.767 -33.363 969.497 225 135 144
210.767 -32.863 969.299 223 136 144
210.767 -32.363 969.018 223 136 144
210.767 -31.863 968.708 223 134 144
210.767 -31.363 968.041 214 137 144
211.267 -37.363 969.993 224 133 140
211.267 -36.863 969.943 224 133 140
211.267 -36.363 969.876 224 133 142
211.267 -35.863 969.855 225 134 143
211.267 -35.363 969.830 225 134 143
211.267 -34.863 969.779 225 134 143
211.267 -34.363 969.757 225 135 144
211.267 -33.863 969.670 224 134 143
211.267 -33.363 969.488 225 135 144
211.267 -32.863 969.279 223 136 144
211.267 -32.363 969.046 223 136 143
211.267 -31.863 968.841 227 135 144
211.267 -31.363 968.336 219 136 143
211.267 -30.863 968.009 204 137 144
211.767 -37.363 969.964 224 133 140
211.767 -36.863 969.882 224 133 140
211.767 -36.363 969.865 224 133 140
211.767 -35.863 969.846 225 134 143
211.767 -35.363 969.820 225 134 143
211.767 -34.863 969.762 224 134 143
211.767 -34.363 969.725 224 134 143
211.767 -33.863 969.626 225 135 144
211.767 -33.363 969.437 225 135 144
211.767 -32.863 969.197 225 135 144
211.767 -32.363 969.043 225 135 144
211.767 -31.863 968.974 223 137 144
211.767 -31.363 968.838 226 141 148
211.767 -30.863 968.296 214 135 143
211.767 -30.363 967.644 200 138 145
212.267 -37.363 969.885 224 133 140
212.267 -36.863 969.837 224 133 140
212.267 -36.363 969.845 225 134 141
212.267 -35.863 969.830 225 134 143
212.267 -35.363 969.775 225 134 143
212.267 -34.863 969.717 224 134 143
212.267 -34.363 969.630 224 134 143
212.267 -33.863 969.519 225 135 144
212.267 -33.363 969.399 225 135 144
212.267 -32.863 969.290 225 135 144
212.267 -32.363 969.074 225 135 144
212.267 -31.863 968.960 221 138 144
212.267 -31.363 968.837 226 141 148
212.267 -30.863 968.626 221 140 148
212.267 -30.363 968.086 205 139 146
212.767 -37.363 969.850 224 131 139
212.767 -36.863 969.838 224 132 139
212.767 -36.363 969.844 224 133 139
212.767 -35.863 969.810 223 134 142
212.767 -35.363 969.729 223 133 142
212.767 -34.863 969.606 224 134 143
212.767 -34.363 969.499 224 134 143
212.767 -33.863 969.480 224 134 143
212.767 -33.363 969.377 225 135 144
212.767 -32.863 969.272 225 135 144
212.767 -32.363 969.095 225 135 144
212.767 -31.863 968.943 223 138 147
212.767 -31.363 968.858 225 141 148
212.767 -30.863 968.708 223 141 149
212.767 -30.363 968.275 206 135 143
213.267 -37.363 969.840 223 132 140
213.267 -36.863 969.842 224 132 139
213.267 -36.363 969.835 223 132 139
213.267 -35.863 969.733 223 132 139
213.267 -35.363 969.651 222 133 140
213.267 -34.863 969.498 225 134 143
213.267 -34.363 969.383 225 134 143
213.267 -33.863 969.364 224 134 143
213.267 -33.363 969.282 223 133 142
213.267 -32.863 969.139 224 135 144
213.267 -32.363 968.915 224 136 144
213.267 -31.863 968.810 225 140 149
213.267 -31.363 968.723 224 142 148
213.267 -30.863 968.618 223 141 148
213.267 -30.363 968.318 215 138 147
213.267 -29.863 967.838 191 130 140
213.767 -37.363 969.822 218 127 136
213.767 -36.863 969.828 223 129 136
213.767 -36.363 969.791 223 131 136
213.767 -35.863 969.661 224 131 139
213.767 -35.363 969.562 224 133 140
213.767 -34.863 969.405 225 134 143
213.767 -34.363 969.344 225 134 143
213.767 -33.863 969.278 224 134 143
213.767 -33.363 969.189 224 134 143
213.767 -32.863 968.993 223 134 143
213.767 -32.363 968.845 224 137 145
213.767 -31.863 968.721 225 140 149
213.767 -31.363 968.603 224 143 150
213.767 -30.863 968.542 223 143 149
213.767 -30.363 968.337 221 139 150
213.767 -29.863 967.844 203 135 146
214.267 -37.363 969.760 218 128 137
214.267 -36.863 969.784 222 128 135
214.267 -36.363 969.732 223 128 134
214.267 -35.863 969.579 224 129 135
214.267 -35.363 969.545 223 130 138
214.267 -34.863 969.404 224 131 141
214.267 -34.363 969.356 224 133 142
214.267 -33.863 969.220 225 134 143
214.267 -33.363 969.148 225 135 144
214.267 -32.863 968.905 222 135 143
214.267 -32.363 968.734 226 139 147
214.267 -31.863 968.648 226 141 150
214.267 -31.363 968.504 224 143 150
214.267 -30.863 968.394 223 143 149
214.267 -30.363 968.156 224 142 151
214.267 -29.863 967.714 204 134 145
214.767 -37.363 969.626 219 128 137
214.767 -36.863 969.686 224 127 135
214.767 -36.363 969.693 224 128 135
214.767 -35.863 969.586 224 129 135
214.767 -35.363 969.537 225 129 138
214.767 -34.863 969.436 222 129 139
214.767 -34.363 969.343 224 131 141
214.767 -33.863 969.212 225 133 142
214.767 -33.363 969.073 224 134 143
214.767 -32.863 968.850 223 136 144
214.767 -32.363 968.615 227 140 148
214.767 -31.863 968.461 227 140 149
214.767 -31.363 968.311 224 142 150
214.767 -30.863 968.197 223 143 150
214.767 -30.363 967.857 218 139 147
215.267 -37.363 969.556 219 131 140
215.267 -36.863 969.674 223 126 136
215.267 -36.363 969.690 222 129 137
215.267 -35.863 969.622 223 129 137
215.267 -35.363 969.544 226 128 138
215.267 -34.863 969.496 222 130 138
215.267 -34.363 969.340 223 130 139
215.267 -33.863 969.195 224 130 141
215.267 -33.363 969.031 223 132 141
215.267 -32.863 968.745 224 137 146
215.267 -32.363 968.366 224 141 149
215.267 -31.863 968.195 225 142 151
215.267 -31.363 967.973 222 143 153
215.267 -30.863 967.801 217 142 153
215.767 -37.363 969.503 213 138 144
215.767 -36.863 969.623 220 130 139
215.767 -36.363 969.656 221 130 137
215.767 -35.863 969.593 221 129 137
215.767 -35.363 969.519 222 129 137
215.767 -34.863 969.389 221 130 137
215.767 -34.363 969.217 222 130 138
215.767 -33.863 969.039 223 132 141
215.767 -33.363 968.898 220 131 140
215.767 -32.863 968.549 221 138 145
215.767 -32.363 968.189 220 141 146
215.767 -31.863 967.863 214 143 150
216.267 -37.363 969.295 221 158 163
216.267 -36.863 969.478 218 133 141
216.267 -36.363 969.553 220 130 139
216.267 -35.863 969.504 221 129 139
216.267 -35.363 969.380 222 129 139
216.267 -34.863 969.104 222 129 137
216.267 -34.363 968.847 223 130 139
216.267 -33.863 968.627 222 131 140
216.267 -33.363 968.481 220 135 143
216.267 -32.863 968.063 218 139 146
216.267 -32.363 967.744 215 141 148
216.767 -37.363 969.060 230 179 182
216.767 -36.863 969.309 218 143 150
216.767 -36.363 969.407 219 129 138
216.767 -35.863 969.352 220 126 137
216.767 -35.363 969.106 223 127 138
216.767 -34.863 968.889 223 127 138
216.767 -34.363 968.534 222 130 141
216.767 -33.863 968.260 218 132 145
216.767 -33.363 968.059 222 146 156
216.767 -32.863 967.768 213 143 154
217.267 -37.363 968.939 209 172 172
217.267 -36.863 969.056 222 162 165
217.267 -36.363 969.179 214 135 141
217.267 -35.863 969.095 221 129 140
217.267 -35.363 968.906 220 128 139
217.267 -34.863 968.666 218 130 140
217.267 -34.363 968.468 212 130 141
217.267 -33.863 968.145 210 138 150
217.267 -33.363 967.816 213 150 164
217.767 -37.363 968.654 205 181 178
217.767 -36.863 968.904 225 179 180
217.767 -36.363 968.974 217 148 154
217.767 -35.863 968.890 218 134 143
217.767 -35.363 968.690 215 129 138
217.767 -34.863 968.518 210 130 140
217.767 -34.363 968.267 210 139 149
217.767 -33.863 967.881 209 149 161
218.267 -37.363 968.285 214 194 195
218.267 -36.863 968.566 223 190 192
218.267 -36.363 968.667 215 167 171
218.267 -35.863 968.536 211 150 157
218.267 -35.363 968.395 210 145 153
218.267 -34.863 968.188 202 144 154
218.267 -34.363 967.687 201 150 155
218.767 -37.363 967.800 215 201 200
218.767 -36.863 967.815 216 194 194
218.767 -36.363 968.029 215 183 186
218.767 -35.863 967.863 212 170 177
218.767 -35.363 967.680 210 166 172
