188.312 54.991 959.090 144 138 137
188.312 55.491 959.150 154 149 145
188.812 54.491 959.225 167 163 163
188.812 54.991 959.237 167 163 163
188.812 55.491 959.301 163 160 160
189.312 53.491 959.211 149 148 149
189.312 53.991 959.265 139 139 139
189.312 54.491 959.337 153 153 155
189.312 54.991 959.404 155 155 157
189.312 55.491 959.483 152 151 156
189.812 52.491 959.245 246 246 246
189.812 52.991 959.285 226 226 226
189.812 53.491 959.337 150 150 151
189.812 53.991 959.398 132 133 135
189.812 54.491 959.488 140 141 145
189.812 54.991 959.595 148 149 153
189.812 55.491 959.654 146 149 157
190.312 51.491 959.230 208 207 205
190.312 51.991 959.276 240 240 238
190.312 52.491 959.340 245 245 243
190.312 52.991 959.411 237 238 239
190.312 53.491 959.473 169 170 174
190.312 53.991 959.542 149 152 157
190.312 54.491 959.653 144 148 155
190.312 54.991 959.750 149 155 164
190.312 55.491 959.803 152 162 172
186.312 59.491 958.876 209 193 178
186.312 59.991 958.880 213 197 182
186.812 58.491 959.016 190 179 170
186.812 58.991 958.993 194 181 171
186.812 59.491 958.965 199 185 171
186.812 59.991 958.945 202 186 171
186.812 60.491 958.950 203 187 171
187.312 56.991 958.993 155 144 140
187.312 57.991 959.086 160 150 148
187.312 58.491 959.138 174 164 157
187.312 58.991 959.153 176 167 157
187.312 59.491 959.135 176 164 152
187.312 59.991 959.089 188 174 159
187.312 60.491 959.052 192 179 162
187.812 55.991 959.020 162 153 148
187.812 56.491 959.054 161 153 147
187.812 56.991 959.142 157 150 145
187.812 57.491 959.239 153 146 142
187.812 57.991 959.300 156 150 146
187.812 58.491 959.324 156 149 146
187.812 58.991 959.300 153 146 141
187.812 59.491 959.263 145 137 130
187.812 59.991 959.226 158 149 139
187.812 60.491 959.185 184 172 159
187.812 60.991 959.142 190 177 161
188.312 55.991 959.235 159 153 149
188.312 56.491 959.286 156 151 147
188.312 56.991 959.356 151 147 145
188.312 57.491 959.429 149 148 146
188.312 57.991 959.532 147 145 146
188.312 58.491 959.603 156 153 154
188.312 58.991 959.562 156 154 155
188.312 59.491 959.494 142 138 137
188.312 59.991 959.425 142 137 133
188.312 60.491 959.345 168 158 150
188.312 60.991 959.267 179 168 156
188.812 55.991 959.422 160 157 159
188.812 56.491 959.513 157 155 158
188.812 56.991 959.610 154 153 158
188.812 57.491 959.684 152 151 159
188.812 57.991 959.828 150 152 160
188.812 58.491 959.955 153 154 159
188.812 58.991 959.964 145 145 150
188.812 59.491 959.875 129 129 132
188.812 59.991 959.749 127 126 128
188.812 60.491 959.617 140 134 132
188.812 60.991 959.463 148 138 133
188.812 61.491 959.366 161 147 140
189.312 55.991 959.586 150 152 158
189.312 56.491 959.673 149 152 161
189.312 56.991 959.779 150 157 167
189.312 57.491 959.902 160 168 179
189.312 57.991 960.122 169 177 190
189.312 58.491 960.283 176 185 194
189.312 58.991 960.272 155 164 172
189.312 59.491 960.122 118 123 133
189.312 59.991 959.917 109 110 118
189.312 60.491 959.774 112 108 116
189.312 60.991 959.632 116 107 109
189.312 61.491 959.486 133 122 120
189.812 55.991 959.727 148 155 163
189.812 56.491 959.853 152 163 174
189.812 56.991 959.988 167 181 194
189.812 57.491 960.177 186 201 216
189.812 57.991 960.369 194 209 224
189.812 58.491 960.478 188 205 216
189.812 58.991 960.486 171 185 196
189.812 59.491 960.342 129 138 150
189.812 59.991 960.122 108 112 123
189.812 60.491 959.946 103 102 110
189.812 60.991 959.797 104 99 104
189.812 61.491 959.630 118 109 110
190.312 55.991 959.890 160 175 187
190.312 56.491 960.053 180 199 213
190.312 56.991 960.217 193 214 230
190.312 57.491 960.390 193 216 232
190.312 57.991 960.552 190 216 231
190.312 58.491 960.662 187 209 223
190.312 58.991 960.664 179 197 211
190.312 59.491 960.559 149 162 175
190.312 59.991 960.348 119 124 136
190.312 60.491 960.114 113 113 122
190.312 60.991 959.934 103 100 107
190.312 61.491 959.768 110 102 108
190.312 61.991 959.624 123 113 114
190.812 50.991 959.262 166 164 167
190.812 51.491 959.305 198 198 201
190.812 51.991 959.372 231 231 231
190.812 52.491 959.441 238 241 241
190.812 52.991 959.492 233 237 240
190.812 53.491 959.558 186 192 199
190.812 53.991 959.680 163 171 181
190.812 54.491 959.836 160 169 182
190.812 54.991 959.954 169 183 196
190.812 55.491 960.040 177 196 212
191.312 50.491 959.314 195 193 196
191.312 50.991 959.381 190 191 196
191.312 51.491 959.449 191 193 198
191.312 51.991 959.520 214 219 223
191.312 52.491 959.576 224 232 237
191.312 52.991 959.617 222 232 240
191.312 53.491 959.723 194 208 219
191.312 53.991 959.890 176 192 207
191.312 54.491 960.036 189 208 225
191.312 54.991 960.141 193 214 234
191.312 55.491 960.229 190 217 236
191.812 49.991 959.294 186 185 184
191.812 50.491 959.375 186 188 191
191.812 50.991 959.486 181 187 191
191.812 51.491 959.577 189 196 202
191.812 51.991 959.655 197 207 216
191.812 52.491 959.710 206 220 229
191.812 52.991 959.788 202 218 231
191.812 53.491 959.956 192 213 227
191.812 53.991 960.143 190 216 233
191.812 54.491 960.250 187 216 236
191.812 54.991 960.297 186 216 237
191.812 55.491 960.399 184 217 237
192.312 49.991 959.348 189 189 189
192.312 50.491 959.451 180 184 187
192.312 50.991 959.568 181 188 193
192.312 51.491 959.674 189 199 208
192.312 51.991 959.770 190 205 217
192.312 52.491 959.861 197 215 228
192.312 52.991 960.009 194 216 230
192.312 53.491 960.216 190 217 234
192.312 53.991 960.375 186 218 237
192.312 54.491 960.469 183 216 237
192.312 54.991 960.538 179 215 236
192.312 55.491 960.684 179 216 237
192.812 49.491 959.353 176 174 176
192.812 49.991 959.421 190 190 192
192.812 50.491 959.537 184 186 190
192.812 50.991 959.673 191 198 205
192.812 51.491 959.820 199 215 229
192.812 51.991 959.951 194 215 232
192.812 52.491 960.111 188 214 232
192.812 52.991 960.320 184 211 232
192.812 53.491 960.499 180 214 235
192.812 53.991 960.605 179 216 239
192.812 54.491 960.749 175 216 238
192.812 54.991 960.891 175 216 238
192.812 55.491 961.015 173 215 239
193.312 49.491 959.403 163 162 163
193.312 49.991 959.463 179 180 182
193.312 50.491 959.543 192 196 199
193.312 50.991 959.683 198 207 215
193.312 51.491 959.881 202 221 235
193.312 51.991 960.098 189 214 233
193.312 52.491 960.356 184 212 233
193.312 52.991 960.604 179 212 234
193.312 53.491 960.775 177 214 237
193.312 53.991 960.912 175 215 238
193.312 54.491 961.066 175 216 238
193.312 54.991 961.196 175 216 238
193.312 55.491 961.344 174 213 239
193.812 49.491 959.458 173 173 171
193.812 49.991 959.514 184 187 186
193.812 50.491 959.574 197 203 205
193.812 50.991 959.686 198 210 217
193.812 51.491 959.887 202 222 236
193.812 51.991 960.185 188 218 238
193.812 52.491 960.543 181 214 236
193.812 52.991 960.834 177 214 237
193.812 53.491 961.012 174 214 239
193.812 53.991 961.213 174 216 240
193.812 54.491 961.388 175 216 238
193.812 54.991 961.494 175 215 236
193.812 55.491 961.636 179 214 238
194.312 49.991 959.562 197 199 198
194.312 50.491 959.615 202 206 205
194.312 50.991 959.699 201 211 214
194.312 51.491 959.918 201 220 231
194.312 51.991 960.274 187 215 233
194.312 52.491 960.668 181 214 235
194.312 52.991 960.997 175 212 236
194.312 53.491 961.250 172 214 239
194.312 53.991 961.506 173 215 240
194.312 54.491 961.712 174 215 237
194.312 54.991 961.840 177 214 236
194.312 55.491 961.923 177 211 236
194.812 50.491 959.638 200 200 197
194.812 50.991 959.722 196 200 202
194.812 51.491 959.960 197 210 218
194.812 51.991 960.378 193 216 230
194.812 52.491 960.830 181 212 231
194.812 52.991 961.193 177 212 235
194.812 53.491 961.478 173 212 239
194.812 53.991 961.743 173 213 240
194.812 54.491 961.937 174 210 236
194.812 54.991 962.049 176 211 233
194.812 55.491 962.140 177 208 232
195.312 50.491 959.631 206 203 198
195.312 50.991 959.745 189 189 189
195.312 51.491 959.982 186 192 196
195.312 51.991 960.417 199 216 229
195.312 52.491 960.924 186 212 229
195.312 52.991 961.341 180 212 234
195.312 53.491 961.671 175 211 239
195.312 53.991 961.966 174 211 238
195.312 54.491 962.188 172 207 234
195.312 54.991 962.313 175 207 232
195.312 55.491 962.421 179 207 230
195.812 50.991 959.757 191 188 188
195.812 51.491 959.994 176 175 179
195.812 51.991 960.386 195 203 211
195.812 52.491 960.870 197 216 228
195.812 52.991 961.362 186 211 231
195.812 53.491 961.798 179 210 233
195.812 53.991 962.111 177 210 236
195.812 54.491 962.341 179 207 232
195.812 54.991 962.550 179 205 229
195.812 55.491 962.736 177 207 232
196.312 50.991 959.755 202 198 198
196.312 51.491 959.985 184 183 185
196.312 51.991 960.332 188 191 199
196.312 52.491 960.784 202 215 227
196.312 52.991 961.321 190 211 228
196.312 53.491 961.835 179 207 229
196.312 53.991 962.211 175 205 230
196.312 54.491 962.439 179 205 230
196.312 54.991 962.683 180 204 228
196.312 55.491 962.917 179 204 226
196.812 51.491 959.932 196 194 197
196.812 51.991 960.246 193 193 200
196.812 52.491 960.731 198 205 216
196.812 52.991 961.302 200 214 230
196.812 53.491 961.850 184 204 225
196.812 53.991 962.285 177 202 226
196.812 54.491 962.562 177 202 227
196.812 54.991 962.844 179 202 226
196.812 55.491 963.129 180 202 223
197.312 51.491 959.885 204 202 205
197.312 51.991 960.205 201 199 205
197.312 52.491 960.738 204 204 212
197.312 52.991 961.305 207 214 226
197.312 53.491 961.904 191 205 223
197.312 53.991 962.388 187 205 228
197.312 54.491 962.664 184 204 228
197.312 54.991 962.982 185 206 230
197.312 55.491 963.382 183 204 227
197.812 51.491 959.859 207 205 206
197.812 51.991 960.226 207 204 205
197.812 52.491 960.759 209 206 209
197.812 52.991 961.356 206 206 216
197.812 53.491 962.018 199 205 220
197.812 53.991 962.506 190 202 220
197.812 54.491 962.762 181 197 219
197.812 54.991 963.090 180 198 221
197.812 55.491 963.508 180 201 225
198.312 51.991 960.206 210 207 205
198.312 52.491 960.755 217 214 211
198.312 52.991 961.389 212 210 214
198.312 53.491 962.085 208 209 219
198.312 53.991 962.603 197 203 219
198.312 54.491 962.953 191 203 221
198.312 54.991 963.317 185 199 220
198.312 55.491 963.669 186 204 226
198.812 51.991 960.144 214 212 206
198.812 52.491 960.720 220 215 210
198.812 52.991 961.361 220 212 212
198.812 53.491 962.095 219 215 222
198.812 53.991 962.683 203 208 221
198.812 54.491 963.187 190 201 217
198.812 54.991 963.724 187 204 219
199.312 52.491 960.690 219 215 208
199.312 52.991 961.330 224 214 211
199.312 53.491 962.027 227 221 226
199.312 53.991 962.758 211 214 225
199.312 54.491 963.628 199 210 220
199.812 52.491 960.642 220 214 208
199.812 52.991 961.313 228 221 217
199.812 53.491 962.015 235 233 233
199.812 53.991 963.065 225 224 231
200.312 52.491 960.500 224 217 211
200.312 52.991 961.281 230 223 217
200.312 53.491 962.177 233 228 228
200.312 53.991 963.711 204 200 205
200.812 52.491 960.419 225 218 212
200.812 52.991 961.323 230 224 219
200.812 53.491 962.527 230 228 224
201.312 52.991 961.436 227 222 218
201.312 53.491 963.124 221 217 215
190.812 55.991 960.157 191 213 230
190.812 56.491 960.266 191 218 236
190.812 56.991 960.404 186 215 235
190.812 57.491 960.590 184 215 235
190.812 57.991 960.756 183 214 233
190.812 58.491 960.808 186 212 230
190.812 58.991 960.801 184 204 221
190.812 59.491 960.760 169 184 199
190.812 59.991 960.588 134 140 155
190.812 60.491 960.340 129 130 142
190.812 60.991 960.082 107 105 114
190.812 61.491 959.862 103 98 105
190.812 61.991 959.706 109 102 106
191.312 55.991 960.330 185 215 235
191.312 56.491 960.482 184 215 238
191.312 56.991 960.646 179 214 238
191.312 57.491 960.852 179 213 237
191.312 57.991 961.029 179 213 237
191.312 58.491 961.060 184 213 233
191.312 58.991 961.037 187 211 229
191.312 59.491 960.953 184 199 215
191.312 59.991 960.786 154 159 174
191.312 60.491 960.575 133 133 145
191.312 60.991 960.292 109 106 117
191.312 61.491 959.993 100 94 104
191.312 61.991 959.810 103 96 103
191.312 62.491 959.671 122 113 116
191.812 55.991 960.564 181 216 238
191.812 56.491 960.770 179 214 239
191.812 56.991 960.963 179 215 241
191.812 57.491 961.167 179 214 240
191.812 57.991 961.301 180 212 240
191.812 58.491 961.331 183 211 235
191.812 58.991 961.323 189 212 232
191.812 59.491 961.254 196 210 227
191.812 59.991 961.038 179 184 198
191.812 60.491 960.781 140 138 150
191.812 60.991 960.479 122 117 128
191.812 61.491 960.164 109 102 112
191.812 61.991 959.916 107 97 106
191.812 62.491 959.741 115 105 108
191.812 62.991 959.604 131 121 118
192.312 55.991 960.899 179 215 238
192.312 56.491 961.078 177 214 240
192.312 56.991 961.250 179 213 241
192.312 57.491 961.432 179 212 240
192.312 57.991 961.544 180 211 239
192.312 58.491 961.561 184 213 235
192.312 58.991 961.525 189 211 231
192.312 59.491 961.482 193 205 222
192.312 59.991 961.304 186 187 200
192.312 60.491 960.959 150 147 158
192.312 60.991 960.564 147 141 151
192.312 61.491 960.306 127 119 130
192.312 61.991 960.036 113 103 111
192.312 62.491 959.823 110 100 105
192.312 62.991 959.716 120 110 110
192.812 55.991 961.197 174 215 240
192.812 56.491 961.352 177 214 240
192.812 56.991 961.497 179 215 240
192.812 57.491 961.665 179 214 239
192.812 57.991 961.789 179 213 238
192.812 58.491 961.821 184 210 232
192.812 58.991 961.747 189 209 227
192.812 59.491 961.658 195 204 219
192.812 59.991 961.528 173 172 183
192.812 60.491 961.214 154 148 157
192.812 60.991 960.813 137 132 139
192.812 61.491 960.481 123 119 126
192.812 61.991 960.172 113 107 114
192.812 62.491 959.932 108 101 105
192.812 62.991 959.799 116 105 108
192.812 63.491 959.695 139 127 125
193.312 55.991 961.517 176 214 238
193.312 56.491 961.660 177 214 238
193.312 56.991 961.785 179 214 239
193.312 57.491 961.892 180 213 237
193.312 57.991 961.986 179 210 234
193.312 58.491 962.047 183 210 232
193.312 58.991 961.987 191 211 231
193.312 59.491 961.877 200 211 227
193.312 59.991 961.775 171 172 184
193.312 60.491 961.572 162 159 171
193.312 60.991 961.248 139 135 146
193.312 61.491 960.809 123 118 126
193.312 61.991 960.397 113 106 114
193.312 62.491 960.111 105 96 103
193.312 62.991 959.903 111 100 104
193.312 63.491 959.744 134 123 121
193.812 55.991 961.783 177 213 237
193.812 56.491 961.892 177 211 236
193.812 56.991 962.009 179 210 233
193.812 57.491 962.092 179 209 233
193.812 57.991 962.156 180 209 233
193.812 58.491 962.211 181 207 230
193.812 58.991 962.211 190 212 232
193.812 59.491 962.141 195 208 226
193.812 59.991 962.020 190 197 214
193.812 60.491 961.873 196 198 213
193.812 60.991 961.645 193 193 208
193.812 61.491 961.265 130 128 141
193.812 61.991 960.757 115 110 118
193.812 62.491 960.349 101 95 103
193.812 62.991 960.062 108 97 103
193.812 63.491 959.817 127 116 114
193.812 63.991 959.588 160 148 141
194.312 55.991 961.987 177 210 233
194.312 56.491 962.081 179 208 232
194.312 56.991 962.190 179 208 232
194.312 57.491 962.245 181 208 232
194.312 57.991 962.290 183 208 231
194.312 58.491 962.343 183 206 230
194.312 58.991 962.366 184 206 229
194.312 59.491 962.350 188 206 226
194.312 59.991 962.266 197 210 229
194.312 60.491 962.158 201 212 229
194.312 60.991 961.975 208 215 233
194.312 61.491 961.690 161 167 181
194.312 61.991 961.250 119 119 128
194.312 62.491 960.695 102 98 109
194.312 62.991 960.268 103 93 102
194.312 63.491 959.938 119 109 110
194.312 63.991 959.698 146 135 129
194.812 55.991 962.173 179 207 231
194.812 56.491 962.219 179 207 230
194.812 56.991 962.298 181 206 230
194.812 57.491 962.359 181 204 228
194.812 57.991 962.541 179 202 226
194.812 58.491 962.714 181 202 226
194.812 58.991 962.760 181 203 226
194.812 59.491 962.707 181 205 227
194.812 59.991 962.552 186 208 229
194.812 60.491 962.430 190 210 230
194.812 60.991 962.266 197 216 235
194.812 61.491 962.016 193 207 224
194.812 61.991 961.668 121 128 141
194.812 62.491 961.077 109 110 122
194.812 62.991 960.513 101 95 105
194.812 63.491 960.109 111 101 105
194.812 63.991 959.844 133 122 120
195.312 55.991 962.395 179 206 229
195.312 56.491 962.328 181 207 230
195.312 56.991 962.473 181 205 229
195.312 57.491 962.736 184 206 229
195.312 57.991 963.042 181 201 225
195.312 58.491 963.204 179 199 224
195.312 58.991 963.197 183 204 228
195.312 59.491 963.084 179 205 228
195.312 59.991 962.919 181 207 230
195.312 60.491 962.849 184 210 231
195.312 60.991 962.732 184 209 231
195.312 61.491 962.439 194 214 233
195.312 61.991 962.000 157 169 184
195.312 62.491 961.471 108 115 127
195.312 62.991 960.864 99 97 108
195.312 63.491 960.369 103 93 100
195.312 63.991 960.024 118 107 106
195.312 64.491 959.791 140 131 126
195.812 55.991 962.757 180 206 232
195.812 56.491 962.715 179 205 231
195.812 56.991 962.946 186 213 237
195.812 57.491 963.296 184 209 231
195.812 57.991 963.498 183 203 226
195.812 58.491 963.545 180 204 228
195.812 58.991 963.564 180 204 227
195.812 59.491 963.473 185 208 232
195.812 59.991 963.417 184 206 228
195.812 60.491 963.441 181 205 226
195.812 60.991 963.445 181 206 227
195.812 61.491 963.172 184 208 229
195.812 61.991 962.606 183 201 218
195.812 62.491 961.970 124 132 147
195.812 62.991 961.235 108 106 116
195.812 63.491 960.628 103 96 103
195.812 63.991 960.220 111 102 106
195.812 64.491 959.889 118 111 111
195.812 64.991 959.642 147 135 131
196.312 55.991 963.042 181 204 228
196.312 56.491 963.158 180 202 227
196.312 56.991 963.439 181 203 227
196.312 57.491 963.697 184 205 226
196.312 61.991 963.842 186 193 210
196.312 62.491 962.812 166 166 180
196.312 62.991 961.719 137 132 142
196.312 63.491 960.955 117 106 116
196.312 63.991 960.418 110 99 105
196.312 64.491 959.911 108 97 103
196.312 64.991 959.601 118 106 105
196.812 55.991 963.275 184 201 224
196.812 56.491 963.487 183 200 223
196.812 56.991 963.797 183 202 223
196.812 62.991 962.698 161 151 161
196.812 63.491 961.502 138 128 137
196.812 63.991 960.662 121 110 119
196.812 64.491 959.927 108 95 104
196.812 64.991 959.568 104 95 96
197.312 55.991 963.637 185 203 227
197.312 63.491 962.651 152 142 150
197.312 63.991 961.390 129 119 129
197.312 64.491 960.189 113 101 113
197.312 64.991 959.633 103 94 100
197.312 65.491 959.552 106 100 104
197.812 63.991 962.658 145 134 143
197.812 64.491 960.784 126 117 125
197.812 64.991 959.859 103 93 102
197.812 65.491 959.672 102 95 103
198.312 64.491 961.868 135 125 131
198.312 64.991 960.296 117 106 116
198.312 65.491 959.805 99 92 99
198.812 64.491 962.900 152 134 140
198.812 64.991 960.868 131 119 127
198.812 65.491 960.009 108 99 107
198.812 65.991 959.808 104 98 104
199.312 64.991 961.805 145 128 136
199.312 65.491 960.333 119 109 117
199.312 65.991 959.889 108 101 108
199.312 66.491 959.647 107 97 105
199.812 64.991 962.840 153 132 140
199.812 65.491 960.966 134 120 127
199.812 65.991 960.135 106 98 106
199.812 66.491 959.718 108 97 105
200.312 65.491 962.189 142 124 130
200.312 65.991 960.644 118 107 112
200.312 66.491 959.922 107 97 105
200.812 65.491 963.419 153 130 136
200.812 65.991 961.426 126 113 119
200.812 66.491 960.227 107 96 104
201.312 65.991 962.309 135 120 126
201.312 66.491 960.705 116 104 112
200.312 66.991 959.620 105 94 103
200.812 66.991 959.777 105 94 103
201.312 66.991 959.994 110 98 108
201.312 67.491 959.706 110 98 108
201.812 52.991 961.185 226 221 216
201.812 53.491 962.978 228 223 222
202.312 53.491 962.140 226 221 217
202.812 53.491 961.545 225 220 214
203.312 53.991 963.626 225 220 214
203.812 53.991 962.359 223 218 212
204.312 53.991 961.586 210 207 200
205.312 54.491 962.646 226 220 214
205.812 54.491 961.264 215 208 202
206.312 54.991 963.807 221 215 209
206.812 54.991 962.869 207 202 196
207.312 54.991 962.103 208 202 196
207.812 55.491 962.628 220 210 208
201.812 65.991 963.123 143 127 133
201.812 66.491 961.286 126 113 122
202.312 65.991 963.677 157 135 143
202.312 66.491 961.820 141 119 130
202.812 66.491 962.681 146 127 135
208.812 55.991 962.588 218 213 208
209.312 55.991 961.519 220 215 209
209.312 56.491 963.676 227 220 214
209.812 56.491 962.419 224 219 213
210.312 56.491 961.497 222 217 211
210.312 56.991 963.357 230 222 216
210.812 56.991 962.163 224 219 213
211.312 56.991 961.183 223 218 212
211.312 57.491 963.564 230 224 218
211.812 56.991 960.908 214 206 204
211.812 57.491 962.563 226 221 217
212.312 57.491 961.766 226 221 217
201.812 66.991 960.340 107 96 106
201.812 67.491 959.862 106 96 105
202.312 66.991 960.834 110 101 110
202.312 67.491 960.189 101 93 100
202.312 67.991 959.814 104 93 99
202.812 66.991 961.331 120 112 119
202.812 67.491 960.688 100 92 99
202.812 67.991 960.209 101 91 97
203.312 66.991 962.232 131 121 129
203.312 67.491 961.098 110 99 108
203.312 67.991 960.649 101 90 98
203.312 68.491 960.135 101 91 97
203.812 66.991 963.332 143 128 135
203.812 67.491 961.699 123 108 118
203.812 67.991 960.977 106 92 102
203.812 68.491 960.398 102 90 98
204.312 67.491 962.678 143 120 130
204.312 67.991 961.573 119 103 112
204.312 68.491 960.818 104 88 98
204.312 68.991 960.076 100 87 96
204.812 67.491 963.786 152 125 134
204.812 67.991 962.447 131 112 122
204.812 68.491 961.311 113 96 106
204.812 68.991 960.312 101 88 97
205.312 67.991 962.998 138 119 127
205.312 68.491 961.562 125 108 118
205.312 68.991 960.549 106 93 103
205.312 69.491 959.979 97 87 96
205.812 68.491 962.243 130 112 120
205.812 68.991 960.811 113 99 108
205.812 69.491 960.186 101 92 100
206.312 68.491 963.245 138 118 126
206.312 68.991 961.475 119 103 112
206.312 69.491 960.415 108 96 106
206.812 68.991 961.921 124 107 116
206.812 69.491 960.655 111 101 109
206.812 69.991 960.167 107 97 106
207.312 68.991 962.503 134 115 122
207.312 69.491 961.018 115 102 110
207.312 69.991 960.329 106 96 105
207.812 68.991 963.192 146 123 131
207.812 69.491 961.640 121 108 116
207.812 69.991 960.672 105 95 103
207.812 70.491 960.184 106 95 103
208.312 69.491 962.768 129 117 125
208.312 69.991 961.283 109 99 107
208.312 70.491 960.375 104 92 100
208.812 69.491 963.711 139 127 136
208.812 69.991 962.139 119 106 117
208.812 70.491 960.875 103 91 100
208.812 70.991 959.995 99 87 97
209.312 69.991 963.023 132 119 129
209.312 70.491 961.373 105 95 104
209.312 70.991 960.191 99 91 99
209.312 71.491 959.668 105 98 106
209.812 70.491 962.096 119 106 116
209.812 70.991 960.443 98 92 100
209.812 71.491 959.669 104 96 107
210.312 70.491 962.718 127 116 124
210.312 70.991 960.693 103 98 105
210.312 71.491 959.808 95 87 98
210.312 71.991 959.610 95 87 98
210.812 70.491 963.781 140 123 132
210.812 70.991 961.443 116 107 116
210.812 71.491 960.095 94 87 99
210.812 71.991 959.639 88 81 94
211.312 70.991 962.814 130 119 130
211.312 71.491 960.992 101 95 107
211.312 71.991 959.885 84 78 90
211.812 70.991 963.332 137 125 132
211.812 71.491 961.679 116 109 119
211.812 71.991 960.333 83 81 90
211.812 72.491 959.710 81 81 92
212.312 71.491 962.207 124 117 127
212.312 71.991 960.645 98 92 103
212.312 72.491 959.853 90 87 98
212.812 57.491 961.085 221 216 212
212.812 57.991 963.261 230 224 220
213.312 57.991 962.335 224 219 215
213.812 57.991 961.329 216 211 205
213.812 58.491 963.442 226 219 216
214.312 58.491 962.177 228 217 214
214.812 58.491 960.697 222 211 207
214.812 58.991 963.189 227 221 216
215.312 58.991 961.931 224 217 211
215.812 58.991 960.731 220 215 209
215.812 59.491 963.276 222 217 213
216.312 58.991 960.402 217 212 206
216.312 59.491 962.657 222 219 212
216.812 59.491 961.354 215 211 205
216.812 59.991 963.477 220 215 209
217.312 59.491 960.152 214 210 201
217.312 59.991 962.162 219 214 208
217.812 59.491 960.193 214 207 199
217.812 59.991 961.397 215 208 201
217.812 60.491 963.830 219 214 208
218.312 59.991 960.712 212 208 201
218.312 60.491 962.372 213 208 202
218.812 59.991 960.702 212 207 201
218.812 60.491 961.623 208 202 196
219.312 60.491 960.901 209 201 198
219.312 61.491 962.599 219 211 208
219.812 61.991 962.585 216 206 205
219.812 65.991 963.643 181 188 207
219.812 66.491 963.135 168 195 218
220.312 62.491 962.120 217 209 206
220.312 62.991 962.418 215 209 205
220.312 63.491 962.562 216 212 212
220.312 63.991 962.919 214 211 216
220.312 64.491 963.145 200 199 208
220.312 64.991 963.126 192 199 211
220.312 65.491 963.077 190 203 218
220.312 65.991 962.879 180 200 221
220.312 66.491 962.772 172 202 226
220.812 62.491 961.436 203 200 196
220.812 62.991 961.584 208 205 200
220.812 63.491 961.778 211 210 208
220.812 63.991 962.116 212 212 216
220.812 64.491 962.502 205 206 215
220.812 64.991 962.609 186 200 222
220.812 65.491 962.610 179 202 224
220.812 65.991 962.587 172 205 226
220.812 66.491 962.608 179 206 232
221.312 62.991 961.354 196 195 191
221.312 63.491 961.449 201 200 199
221.312 63.991 961.487 203 204 207
221.312 64.491 961.791 196 200 208
221.312 64.991 962.030 184 203 225
221.312 65.491 962.235 180 206 229
221.312 65.991 962.379 179 209 232
221.312 66.491 962.432 177 207 231
221.812 62.991 961.197 176 176 175
221.812 63.491 961.238 181 179 179
221.812 64.491 961.379 190 190 198
221.812 64.991 961.567 193 211 228
221.812 65.491 961.862 187 208 228
221.812 65.991 962.108 183 205 227
221.812 66.491 962.200 179 205 228
222.312 63.491 961.093 162 159 162
222.312 64.491 961.224 177 173 179
222.312 64.991 961.338 191 200 212
222.312 65.491 961.519 201 213 228
222.312 65.991 961.775 190 207 225
222.312 66.491 961.884 183 201 221
222.812 64.991 961.099 179 180 188
222.812 65.491 961.208 212 216 226
222.812 65.991 961.418 205 213 226
222.812 66.491 961.432 181 192 209
223.312 64.991 960.947 169 167 173
223.312 65.491 960.984 204 203 211
223.312 65.991 961.057 204 207 216
223.312 66.491 960.976 177 181 193
212.812 71.491 963.150 132 120 130
212.812 71.991 961.189 115 106 116
212.812 72.491 960.034 105 102 111
212.812 72.991 959.729 102 101 110
213.312 71.491 963.810 141 125 135
213.312 71.991 962.133 117 105 114
213.312 72.491 960.665 106 101 108
213.312 72.991 959.930 110 107 116
213.812 71.991 962.452 124 112 121
213.812 72.491 961.113 108 101 109
213.812 72.991 960.192 108 103 110
214.312 71.991 962.545 129 118 125
214.312 72.491 961.325 120 110 118
214.312 72.991 960.468 109 102 110
214.312 73.491 960.051 109 101 110
214.812 71.991 962.634 132 122 130
214.812 72.491 961.654 118 112 118
214.812 72.991 960.786 108 101 108
214.812 73.491 960.231 111 98 108
215.312 71.491 963.605 172 156 171
215.312 71.991 962.534 134 127 137
215.312 72.491 961.677 112 110 116
215.312 72.991 960.904 109 99 104
215.312 73.491 960.409 115 97 105
215.312 73.991 960.206 123 101 111
215.812 71.491 963.351 158 148 171
215.812 71.991 962.442 129 122 138
215.812 72.491 961.659 113 103 116
215.812 72.991 961.000 117 99 108
215.812 73.491 960.587 120 98 105
215.812 73.991 960.329 124 101 108
216.312 71.491 963.112 132 132 160
216.312 71.991 962.268 131 128 150
216.312 72.491 961.589 125 113 129
216.312 72.991 961.028 127 104 117
216.312 73.491 960.691 125 99 108
216.312 73.991 960.440 122 101 104
216.312 74.491 960.238 129 107 110
216.812 70.991 963.731 134 127 151
216.812 71.491 962.916 124 132 161
216.812 71.991 962.157 134 138 162
216.812 72.491 961.621 139 130 150
216.812 72.991 961.171 127 107 122
216.812 73.491 960.797 125 103 112
216.812 73.991 960.517 123 103 108
216.812 74.491 960.249 132 111 113
216.812 74.991 960.035 164 143 145
217.312 70.491 963.602 129 125 150
217.312 70.991 963.111 130 134 163
217.312 71.491 962.634 141 155 184
217.312 71.991 962.120 173 184 207
217.312 72.491 961.737 184 184 202
217.312 72.991 961.399 136 123 139
217.312 73.491 960.954 128 108 120
217.312 73.991 960.586 119 101 111
217.312 74.491 960.245 124 105 107
217.312 74.991 959.966 152 134 132
217.812 69.491 963.647 131 131 157
217.812 69.991 963.388 133 136 163
217.812 70.491 963.150 144 150 180
217.812 70.991 962.864 161 170 204
217.812 71.491 962.590 175 190 218
217.812 71.991 962.229 183 196 219
217.812 72.491 961.801 193 199 218
217.812 72.991 961.454 168 163 179
217.812 73.491 961.063 120 106 119
217.812 73.991 960.658 119 103 116
217.812 74.491 960.280 119 102 105
217.812 74.991 959.997 138 120 120
217.812 75.491 959.831 171 152 148
218.312 68.491 963.797 141 144 176
218.312 68.991 963.471 137 144 175
218.312 69.491 963.255 140 153 182
218.312 69.991 963.094 153 170 196
218.312 70.491 962.900 167 184 209
218.312 70.991 962.707 177 193 219
218.312 71.491 962.567 179 195 220
218.312 71.991 962.298 181 197 221
218.312 72.491 961.859 191 201 221
218.312 72.991 961.513 194 198 215
218.312 73.491 961.173 122 118 131
218.312 73.991 960.751 119 105 116
218.312 74.491 960.371 116 102 108
218.312 74.991 960.118 126 112 112
218.312 75.491 959.926 167 149 141
218.812 67.991 963.709 146 159 189
218.812 68.491 963.269 152 166 195
218.812 68.991 963.048 159 172 201
218.812 69.491 962.992 168 181 210
218.812 69.991 962.891 174 188 216
218.812 70.491 962.743 181 193 221
218.812 70.991 962.623 181 195 222
218.812 71.491 962.490 180 199 223
218.812 71.991 962.264 180 201 225
218.812 72.491 961.916 185 202 227
218.812 72.991 961.574 196 208 227
218.812 73.491 961.224 161 160 177
218.812 73.991 960.813 118 108 120
218.812 74.491 960.461 115 103 110
218.812 74.991 960.220 118 105 107
218.812 75.491 960.014 146 131 126
218.812 75.991 959.845 188 171 163
219.312 66.991 963.536 161 184 208
219.312 67.491 963.147 168 190 221
219.312 67.991 963.035 167 187 216
219.312 68.491 962.903 168 189 216
219.312 68.991 962.823 173 189 218
219.312 69.491 962.810 180 191 221
219.312 69.991 962.717 179 190 219
219.312 70.491 962.572 179 194 220
219.312 70.991 962.468 179 195 221
219.312 71.491 962.334 179 200 224
219.312 71.991 962.167 179 203 230
219.312 72.491 961.929 181 206 235
219.312 72.991 961.614 192 209 232
219.312 73.491 961.243 189 193 211
219.312 73.991 960.880 124 119 129
219.312 74.491 960.554 116 105 114
219.312 74.991 960.282 119 106 111
219.312 75.491 960.086 137 122 121
219.312 75.991 959.929 180 166 158
219.812 66.991 962.882 168 201 226
219.812 67.491 962.884 171 197 224
219.812 67.991 962.881 176 197 226
219.812 68.491 962.838 173 191 219
219.812 68.991 962.745 179 192 221
219.812 69.491 962.664 179 193 222
219.812 69.991 962.538 179 196 222
219.812 70.491 962.398 179 200 224
219.812 70.991 962.294 177 202 225
219.812 71.491 962.179 181 203 226
219.812 71.991 962.020 183 205 232
219.812 72.491 961.814 183 204 232
219.812 72.991 961.544 189 206 229
219.812 73.491 961.210 166 171 187
219.812 73.991 960.911 131 128 138
219.812 74.491 960.619 119 110 117
219.812 74.991 960.329 120 109 114
219.812 75.491 960.122 135 123 121
219.812 75.991 960.001 179 164 157
220.312 66.991 962.786 176 207 233
220.312 67.491 962.794 176 202 227
220.312 67.991 962.779 179 195 225
220.312 68.491 962.718 179 192 221
220.312 68.991 962.603 180 196 224
220.312 69.491 962.453 180 199 226
220.312 69.991 962.319 180 203 228
220.312 70.491 962.222 177 204 227
220.312 70.991 962.105 179 205 227
220.312 71.491 961.949 183 202 226
220.312 71.991 961.777 186 203 226
220.312 72.491 961.565 174 186 208
220.312 72.991 961.358 146 153 171
220.312 73.491 961.144 137 137 150
220.312 73.991 960.908 144 140 148
220.312 74.491 960.648 125 117 121
220.812 66.991 962.641 180 201 230
220.812 67.491 962.640 176 201 228
220.812 67.991 962.605 177 198 227
220.812 68.491 962.485 180 198 226
220.812 68.991 962.319 179 202 228
220.812 69.491 962.119 177 204 229
220.812 69.991 962.006 179 206 229
220.812 70.491 961.924 180 205 228
220.812 70.991 961.787 181 202 227
220.812 71.491 961.625 175 192 216
220.812 71.991 961.474 151 162 182
220.812 72.491 961.314 137 141 156
220.812 72.991 961.181 133 130 142
220.812 73.491 961.039 144 138 147
220.812 73.991 960.865 142 137 144
221.312 66.991 962.449 179 203 228
221.312 67.491 962.411 179 204 229
221.312 67.991 962.340 175 203 229
221.312 68.491 962.181 179 203 228
221.312 68.991 961.974 181 204 228
221.312 69.491 961.802 180 198 221
221.312 69.991 961.666 179 195 216
221.312 70.491 961.532 174 185 205
221.312 70.991 961.417 148 156 175
221.312 71.491 961.313 134 135 147
221.312 71.991 961.199 137 136 145
221.312 72.491 961.101 157 153 160
221.312 72.991 961.022 143 137 142
221.812 66.991 962.204 183 208 233
221.812 67.491 962.116 179 205 229
221.812 67.991 961.967 177 202 227
221.812 68.491 961.730 183 205 229
221.812 68.991 961.528 184 201 223
221.812 69.491 961.416 161 171 190
221.812 69.991 961.261 145 150 166
221.812 70.491 961.087 138 140 152
221.812 70.991 960.975 141 140 151
221.812 71.491 960.946 149 142 146
221.812 71.991 960.939 160 153 156
222.312 66.991 961.861 184 204 227
222.312 67.491 961.754 184 204 228
222.312 67.991 961.529 183 199 223
222.312 68.491 961.263 170 184 204
222.312 68.991 961.039 150 157 176
222.312 69.491 960.923 137 139 152
222.312 69.991 960.805 142 139 147
222.312 70.491 960.715 159 153 157
222.312 70.991 960.634 171 162 164
222.812 66.991 961.366 179 192 210
222.812 67.491 961.291 168 183 200
222.812 67.991 961.056 154 162 180
222.812 68.491 960.848 140 144 159
222.812 68.991 960.670 145 143 155
222.812 69.491 960.576 151 144 150
222.812 69.991 960.493 166 154 155
223.312 66.991 960.869 158 162 173
223.312 67.491 960.792 159 163 174
223.312 67.991 960.610 158 159 170
223.812 65.491 960.768 169 168 174
223.812 65.991 960.750 183 184 188
223.812 66.491 960.683 172 171 178
224.312 65.491 960.625 147 148 153
224.312 65.991 960.558 171 170 175
224.312 66.491 960.465 181 179 182
223.812 66.991 960.539 181 179 184
223.812 67.491 960.383 183 179 182
198.812 55.491 964.265 196 207 225
199.312 54.991 964.834 201 213 223
199.312 55.491 965.992 210 208 218
199.812 54.491 964.646 205 202 211
199.812 54.991 966.372 225 218 225
199.812 55.491 967.656 235 215 218
200.312 54.491 965.800 227 212 219
200.312 54.991 967.586 239 213 217
200.312 55.491 968.559 216 169 172
200.812 53.991 964.635 210 203 205
200.812 54.491 967.024 227 206 209
200.812 54.991 968.469 213 176 178
200.812 55.491 969.034 213 147 156
201.312 53.991 965.480 230 221 222
201.312 54.491 967.700 209 189 189
201.312 54.991 968.956 223 186 187
201.312 55.491 969.378 221 151 161
196.312 57.991 963.872 184 200 221
196.312 58.491 964.028 188 201 223
196.312 58.991 964.273 191 203 223
196.312 59.491 964.481 191 199 218
196.312 59.991 964.705 193 199 218
196.312 60.491 964.664 189 195 213
196.312 60.991 964.713 191 195 212
196.312 61.491 964.507 187 194 213
196.812 57.491 964.129 184 199 218
196.812 57.991 964.602 189 197 216
196.812 58.491 965.154 194 194 213
196.812 58.991 965.560 200 196 214
196.812 59.491 965.884 203 194 209
196.812 59.991 966.104 203 190 204
196.812 60.491 965.921 207 189 202
196.812 60.991 965.859 208 188 201
196.812 61.491 965.763 214 195 209
196.812 61.991 965.395 206 189 206
196.812 62.491 964.252 189 176 189
197.312 56.491 963.892 184 202 226
197.312 56.991 964.250 185 201 224
197.312 57.491 964.838 194 204 224
197.312 57.991 965.578 196 199 219
197.312 58.491 966.198 207 197 214
197.312 58.991 966.503 209 196 212
197.312 59.491 966.723 212 192 205
197.312 59.991 966.871 219 191 201
197.312 60.491 966.853 222 186 196
197.312 60.991 966.816 221 183 193
197.312 61.491 966.892 217 175 187
197.312 61.991 966.871 209 170 182
197.312 62.491 965.934 197 168 178
197.312 62.991 964.300 170 153 162
197.812 55.991 963.881 184 202 226
197.812 56.491 964.249 185 201 224
197.812 56.991 964.863 193 206 225
197.812 57.491 965.717 203 206 223
197.812 57.991 966.403 215 206 222
197.812 58.491 966.780 217 196 211
197.812 58.991 967.009 219 192 205
197.812 59.491 967.244 224 188 199
197.812 59.991 967.483 227 184 193
197.812 60.491 967.723 230 176 186
197.812 60.991 967.840 223 168 177
197.812 61.491 967.852 217 156 166
197.812 61.991 967.681 206 146 154
197.812 62.491 967.173 193 147 154
197.812 62.991 965.996 185 155 161
197.812 63.491 964.344 158 141 148
198.312 55.991 964.097 190 203 225
198.312 56.491 964.726 198 209 226
198.312 56.991 965.655 212 216 230
198.312 57.491 966.591 219 211 222
198.312 57.991 967.209 220 200 210
198.312 58.491 967.500 223 187 197
198.312 58.991 967.633 226 184 193
198.312 59.491 967.868 228 177 184
198.312 59.991 968.132 226 164 172
198.312 60.491 968.335 223 152 161
198.312 60.991 968.452 218 142 152
198.312 61.491 968.294 218 138 149
198.312 61.991 968.049 214 134 141
198.312 62.491 967.810 206 139 148
198.312 62.991 967.208 190 142 150
198.312 63.491 965.952 172 141 149
198.312 63.991 964.183 158 140 147
198.812 55.991 964.867 205 209 226
198.812 56.491 965.825 213 212 223
198.812 56.991 966.839 218 209 216
198.812 57.491 967.472 219 195 201
198.812 57.991 967.908 224 184 192
198.812 58.491 968.152 230 175 182
198.812 58.991 968.219 222 160 168
198.812 59.491 968.378 219 149 157
198.812 59.991 968.572 218 140 148
198.812 60.491 968.666 219 136 144
198.812 60.991 968.771 222 136 144
198.812 61.491 968.677 223 134 143
198.812 61.991 968.556 226 136 145
198.812 62.491 968.378 218 136 145
198.812 62.991 967.933 197 132 141
198.812 63.491 967.059 187 143 151
198.812 63.991 965.346 166 138 145
199.312 55.991 966.826 219 208 218
199.312 56.491 967.413 231 207 215
199.312 56.991 967.831 225 192 196
199.312 57.491 968.154 220 171 177
199.312 57.991 968.418 217 154 163
199.312 58.491 968.572 217 144 155
199.312 58.991 968.676 216 138 148
199.312 59.491 968.794 220 136 147
199.312 59.991 968.920 224 134 144
199.312 60.491 969.004 224 134 143
199.312 60.991 969.048 223 136 142
199.312 61.491 968.963 223 136 144
199.312 61.991 968.887 224 135 144
199.312 62.491 968.792 224 135 144
199.312 62.991 968.508 213 138 145
199.312 63.491 967.598 197 141 148
199.312 63.991 966.098 179 144 150
199.312 64.491 964.174 164 140 148
199.812 55.991 968.356 228 192 197
199.812 56.491 968.545 218 166 171
199.812 56.991 968.577 217 153 157
199.812 57.491 968.695 217 143 149
199.812 57.991 968.870 221 137 146
199.812 58.491 968.976 219 135 144
199.812 58.991 969.029 221 134 143
199.812 59.491 969.107 224 134 143
199.812 59.991 969.181 225 132 142
199.812 60.491 969.248 226 133 143
199.812 60.991 969.230 226 135 144
199.812 61.491 969.152 223 136 144
199.812 61.991 969.096 223 135 144
199.812 62.491 969.039 225 135 144
199.812 62.991 968.972 222 138 147
199.812 63.491 967.995 207 140 149
199.812 63.991 966.794 195 150 157
199.812 64.491 965.236 176 145 153
200.312 55.991 968.957 212 149 155
200.312 56.491 969.080 220 141 147
200.312 56.991 969.135 220 135 142
200.312 57.491 969.222 222 135 143
200.312 57.991 969.274 223 134 143
200.312 58.491 969.275 225 136 142
200.312 58.991 969.270 225 134 141
200.312 59.491 969.312 224 133 140
200.312 59.991 969.348 224 133 142
200.312 60.491 969.362 225 134 143
200.312 60.991 969.345 225 135 144
200.312 61.491 969.317 223 135 144
200.312 61.991 969.256 223 137 145
200.312 62.491 969.177 225 135 144
200.312 62.991 969.158 225 135 144
200.312 63.491 968.804 219 139 148
200.312 63.991 967.747 198 139 148
200.312 64.491 966.078 184 145 151
200.312 64.991 964.230 166 137 144
200.812 55.991 969.281 216 136 145
200.812 56.491 969.399 223 132 143
200.812 56.991 969.443 225 133 143
200.812 57.491 969.476 221 135 143
200.812 57.991 969.483 221 137 144
200.812 58.491 969.478 223 136 142
200.812 58.991 969.483 225 136 142
200.812 59.491 969.500 224 136 142
200.812 59.991 969.513 224 135 141
200.812 60.491 969.500 223 136 144
200.812 60.991 969.465 222 136 144
200.812 61.491 969.421 222 136 143
200.812 61.991 969.346 223 135 143
200.812 62.491 969.246 224 135 143
200.812 62.991 969.235 225 135 143
200.812 63.491 969.194 223 135 145
200.812 63.991 968.777 211 139 149
200.812 64.491 967.181 189 137 144
200.812 64.991 965.325 170 136 142
201.312 55.991 969.542 217 135 145
201.312 56.491 969.633 224 132 143
201.312 56.991 969.629 224 133 143
201.312 57.491 969.601 221 135 141
201.312 57.991 969.585 221 137 144
201.312 58.491 969.581 224 135 143
201.312 58.991 969.592 225 135 143
201.312 59.491 969.612 224 134 142
201.312 59.991 969.624 223 134 142
201.312 60.491 969.612 223 134 143
201.312 60.991 969.570 224 135 144
201.312 61.491 969.535 225 134 143
201.312 61.991 969.492 226 135 144
201.312 62.491 969.368 223 137 142
201.312 62.991 969.328 223 136 142
201.312 63.491 969.264 225 134 144
201.312 63.991 969.135 220 138 149
201.312 64.491 968.332 198 135 142
201.312 64.991 966.409 180 140 147
201.312 65.491 964.464 150 124 129
201.812 53.991 965.694 230 221 222
201.812 54.491 968.043 213 196 195
201.812 54.991 969.223 225 195 194
201.812 55.491 969.584 230 164 172
202.312 53.991 964.967 230 225 220
202.312 54.491 967.787 211 199 196
202.312 54.991 969.226 222 200 198
202.312 55.491 969.642 233 190 192
202.812 53.991 964.481 233 228 222
202.812 54.491 967.698 206 195 191
202.812 54.991 969.215 218 198 197
202.812 55.491 969.630 233 203 201
203.312 54.491 966.967 218 209 205
203.312 54.991 968.984 201 186 184
203.312 55.491 969.590 211 194 189
203.812 54.491 965.678 228 221 215
203.812 54.991 968.559 195 185 183
203.812 55.491 969.521 208 200 194
204.312 54.491 964.841 233 228 224
204.312 54.991 968.077 209 201 198
204.312 55.491 969.368 204 196 190
204.812 54.491 963.863 230 224 220
204.812 54.991 967.485 230 220 218
204.812 55.491 969.197 201 190 186
205.312 54.991 966.319 234 225 222
205.312 55.491 968.741 216 203 200
205.812 54.991 964.594 233 224 221
205.812 55.491 967.939 232 221 216
206.312 55.491 967.291 234 233 225
206.812 55.491 966.346 226 226 219
207.312 55.491 965.014 221 217 212
201.812 55.991 969.707 215 137 146
201.812 56.491 969.786 220 133 141
201.812 56.991 969.804 224 134 141
201.812 57.491 969.786 225 134 139
201.812 57.991 969.737 226 135 140
201.812 58.491 969.690 227 134 144
201.812 58.991 969.690 225 133 143
201.812 59.491 969.721 225 133 143
201.812 59.991 969.747 224 133 142
201.812 60.491 969.749 225 134 143
201.812 60.991 969.712 225 134 141
201.812 61.491 969.663 227 133 142
201.812 61.991 969.636 226 135 144
201.812 62.491 969.530 221 140 143
201.812 62.991 969.459 221 137 140
201.812 63.491 969.378 227 136 144
201.812 63.991 969.211 223 135 146
201.812 64.491 968.809 212 139 148
201.812 64.991 967.226 180 134 141
201.812 65.491 965.349 160 131 136
202.312 55.991 969.775 213 146 152
202.312 56.491 969.874 222 134 142
202.312 56.991 969.928 224 133 138
202.312 57.491 969.902 223 134 138
202.312 57.991 969.836 223 133 141
202.312 58.491 969.786 226 133 141
202.312 58.991 969.779 226 133 141
202.312 59.491 969.790 225 134 141
202.312 59.991 969.810 224 134 141
202.312 60.491 969.825 224 135 141
202.312 60.991 969.827 224 135 141
202.312 61.491 969.763 225 135 142
202.312 61.991 969.698 226 135 144
202.312 62.491 969.625 225 135 144
202.312 62.991 969.547 225 136 145
202.312 63.491 969.476 224 136 146
202.312 63.991 969.368 224 136 148
202.312 64.491 969.067 223 136 148
202.312 64.991 967.873 201 137 148
202.312 65.491 966.018 179 148 153
202.812 55.991 969.789 218 160 163
202.812 56.491 969.898 217 134 141
202.812 56.991 969.957 224 131 139
202.812 57.491 969.962 224 132 140
202.812 57.991 969.935 224 133 141
202.812 58.491 969.884 223 133 140
202.812 58.991 969.866 224 134 141
202.812 59.491 969.853 225 135 142
202.812 59.991 969.859 225 134 141
202.812 60.491 969.879 224 134 141
202.812 60.991 969.906 224 134 141
202.812 61.491 969.877 224 134 141
202.812 61.991 969.784 224 134 142
202.812 62.491 969.705 224 135 143
202.812 62.991 969.662 223 136 144
202.812 63.491 969.584 223 137 145
202.812 63.991 969.535 222 137 145
202.812 64.491 969.455 222 139 146
202.812 64.991 968.830 213 142 153
202.812 65.491 967.234 192 150 156
202.812 65.991 964.905 168 142 149
203.312 55.991 969.778 233 189 188
203.312 56.491 969.884 212 138 142
203.312 56.991 969.946 223 131 140
203.312 57.491 969.985 225 131 139
203.312 57.991 969.996 224 132 140
203.312 58.491 969.965 223 135 141
203.312 58.991 969.927 224 135 141
203.312 59.491 969.905 225 135 142
203.312 59.991 969.905 225 135 142
203.312 60.491 969.930 225 134 141
203.312 60.991 969.969 225 133 141
203.312 61.491 969.982 225 133 141
203.312 61.991 969.950 225 135 141
203.312 62.491 969.843 224 136 142
203.312 62.991 969.751 224 136 142
203.312 63.491 969.701 223 136 142
203.312 63.991 969.678 223 137 143
203.312 64.491 969.652 224 138 144
203.312 64.991 969.420 220 138 149
203.312 65.491 968.105 203 145 153
203.312 65.991 966.336 183 148 154
203.312 66.491 964.330 158 140 146
203.812 55.991 969.739 236 205 204
203.812 56.491 969.863 218 158 161
203.812 56.991 969.943 218 135 142
203.812 57.491 970.003 223 130 140
203.812 57.991 970.029 224 132 139
203.812 58.491 970.018 222 134 140
203.812 58.991 969.980 224 135 141
203.812 59.491 969.954 224 135 141
203.812 59.991 969.953 224 133 140
203.812 60.491 969.977 224 133 140
203.812 60.991 970.016 226 133 141
203.812 61.491 970.041 224 132 140
203.812 61.991 970.039 226 136 142
203.812 62.491 969.983 224 134 141
203.812 62.991 969.889 226 135 142
203.812 63.491 969.805 226 135 142
203.812 63.991 969.737 226 135 142
203.812 64.491 969.679 226 136 143
203.812 64.991 969.558 222 134 144
203.812 65.491 969.039 213 141 149
203.812 65.991 967.676 195 149 155
203.812 66.491 965.637 164 142 147
204.312 55.991 969.668 222 203 198
204.312 56.491 969.816 233 188 190
204.312 56.991 969.917 212 140 146
204.312 57.491 969.995 222 131 140
204.312 57.991 970.035 224 131 139
204.312 58.491 970.045 223 133 140
204.312 58.991 970.041 224 135 141
204.312 59.491 970.032 224 134 141
204.312 59.991 970.020 224 133 140
204.312 60.491 970.033 223 132 139
204.312 60.991 970.059 225 134 141
204.312 61.491 970.084 223 134 141
204.312 61.991 970.091 220 135 142
204.312 62.491 970.067 221 135 142
204.312 62.991 970.002 223 136 144
204.312 63.491 969.938 225 135 143
204.312 63.991 969.810 226 134 142
204.312 64.491 969.671 226 134 142
204.312 64.991 969.538 225 138 147
204.312 65.491 969.278 221 135 147
204.312 65.991 968.494 197 136 144
204.312 66.491 966.651 179 146 150
204.812 55.991 969.581 214 198 194
204.812 56.491 969.738 233 199 198
204.812 56.991 969.868 218 155 159
204.812 57.491 969.961 218 133 140
204.812 57.991 970.013 223 131 138
204.812 58.491 970.052 223 131 139
204.812 58.991 970.072 224 132 140
204.812 59.491 970.072 224 133 140
204.812 59.991 970.070 224 134 140
204.812 60.491 970.082 224 135 141
204.812 60.991 970.096 223 134 140
204.812 61.491 970.111 220 137 144
204.812 61.991 970.119 211 138 143
204.812 62.491 970.112 220 144 151
204.812 62.991 970.067 218 138 145
204.812 63.491 969.991 220 137 144
204.812 63.991 969.848 222 136 144
204.812 64.491 969.671 223 135 144
204.812 64.991 969.554 219 135 144
204.812 65.491 969.341 226 134 147
204.812 65.991 968.839 208 136 146
204.812 66.491 967.480 193 151 155
205.312 55.991 969.475 189 180 173
205.312 56.491 969.647 209 188 185
205.312 56.991 969.760 230 180 182
205.312 57.491 969.861 210 136 141
205.312 57.991 969.929 220 132 139
205.312 58.491 970.017 222 132 140
205.312 58.991 970.078 223 133 141
205.312 59.491 970.100 223 133 140
205.312 59.991 970.106 225 131 139
205.312 60.491 970.106 226 131 142
205.312 60.991 970.105 220 136 142
205.312 61.491 970.115 224 156 159
205.312 61.991 970.120 208 152 151
205.312 62.491 970.120 206 142 144
205.312 62.991 970.085 222 148 152
205.312 63.491 970.016 219 137 143
205.312 63.991 969.917 221 137 144
205.312 64.491 969.713 222 136 142
205.312 64.991 969.576 222 136 144
205.312 65.491 969.464 226 134 146
205.312 65.991 969.034 216 134 143
205.312 66.491 968.162 198 139 146
205.812 55.991 969.296 185 176 171
205.812 56.491 969.592 177 158 154
205.812 56.991 969.704 225 186 185
205.812 57.491 969.824 216 152 155
205.812 57.991 969.911 219 133 141
205.812 58.491 970.013 224 133 142
205.812 58.991 970.097 223 133 142
205.812 59.491 970.144 223 133 140
205.812 59.991 970.147 225 130 139
205.812 60.491 970.127 227 131 142
205.812 60.991 970.112 218 135 141
205.812 61.491 970.108 227 157 161
205.812 61.991 970.101 230 168 167
205.812 62.491 970.096 212 140 144
205.812 62.991 970.084 219 140 145
205.812 63.491 970.048 223 136 144
205.812 63.991 969.900 225 135 144
205.812 64.491 969.716 224 135 144
205.812 64.991 969.622 222 135 143
205.812 65.491 969.561 225 135 144
205.812 65.991 969.215 221 135 144
205.812 66.491 968.554 207 137 146
206.312 55.991 968.975 219 205 202
206.312 56.491 969.487 162 140 138
206.312 56.991 969.652 190 161 158
206.312 57.491 969.797 222 171 172
206.312 57.991 969.925 214 135 140
206.312 58.491 970.046 223 131 142
206.312 58.991 970.142 224 133 142
206.312 59.491 970.176 223 134 140
206.312 59.991 970.172 223 133 139
206.312 60.491 970.145 223 131 139
206.312 60.991 970.117 225 134 143
206.312 61.491 970.090 218 136 142
206.312 61.991 970.073 218 138 145
206.312 62.491 970.063 220 135 143
206.312 62.991 970.050 224 134 143
206.312 63.491 970.010 226 134 144
206.312 63.991 969.926 227 134 144
206.312 64.491 969.774 226 134 144
206.312 64.991 969.652 222 136 143
206.312 65.491 969.608 225 135 144
206.312 65.991 969.499 225 134 144
206.312 66.491 968.935 218 138 147
206.812 55.991 968.411 223 207 205
206.812 56.491 969.247 184 162 161
206.812 56.991 969.566 168 147 143
206.812 57.491 969.758 221 185 183
206.812 57.991 969.937 214 148 152
206.812 58.491 970.089 221 132 142
206.812 58.991 970.181 223 131 142
206.812 59.491 970.206 222 132 140
206.812 59.991 970.198 223 133 139
206.812 60.491 970.161 224 133 140
206.812 60.991 970.124 225 132 141
206.812 61.491 970.090 226 133 143
206.812 61.991 970.066 223 132 140
206.812 62.491 970.033 224 133 141
206.812 62.991 970.001 226 133 143
206.812 63.491 969.982 225 133 143
206.812 63.991 969.928 225 133 143
206.812 64.491 969.829 225 135 144
206.812 64.991 969.705 222 136 144
206.812 65.491 969.632 224 134 142
206.812 65.991 969.594 227 134 143
206.812 66.491 969.331 224 134 144
207.312 55.991 967.360 232 218 217
207.312 56.491 968.764 206 190 188
207.312 56.991 969.401 169 154 150
207.312 57.491 969.671 210 184 180
207.312 57.991 969.904 222 174 175
207.312 58.491 970.107 213 134 142
207.312 58.991 970.219 219 130 140
207.312 59.491 970.253 222 131 140
207.312 59.991 970.238 224 133 140
207.312 60.491 970.192 223 133 140
207.312 60.991 970.154 226 132 140
207.312 61.491 970.107 227 131 140
207.312 61.991 970.055 224 132 140
207.312 62.491 970.018 224 133 140
207.312 62.991 969.988 224 133 140
207.312 63.491 969.975 224 134 141
207.312 63.991 969.933 222 135 143
207.312 64.491 969.871 223 136 144
207.312 64.991 969.730 224 135 144
207.312 65.491 969.649 223 136 142
207.312 65.991 969.631 225 135 142
207.312 66.491 969.485 226 133 143
207.812 55.991 965.756 235 227 224
207.812 56.491 967.838 223 214 212
207.812 56.991 968.955 185 172 170
207.812 57.491 969.552 203 181 178
207.812 57.991 969.870 230 198 195
207.812 58.491 970.079 213 148 152
207.812 58.991 970.218 217 133 141
207.812 59.491 970.277 224 130 140
207.812 59.991 970.286 225 131 139
207.812 60.491 970.238 223 134 140
207.812 60.991 970.199 224 132 140
207.812 61.491 970.140 226 132 139
207.812 61.991 970.069 224 133 138
207.812 62.491 970.018 224 133 140
207.812 62.991 969.990 223 134 140
207.812 63.491 969.982 223 133 140
207.812 63.991 969.948 224 134 143
207.812 64.491 969.884 224 135 144
207.812 64.991 969.737 227 134 144
207.812 65.491 969.647 222 136 141
207.812 65.991 969.590 222 137 140
207.812 66.491 969.461 224 133 140
208.312 55.991 964.000 225 220 216
208.312 56.491 966.624 230 226 221
208.312 56.991 968.357 208 196 192
208.312 57.491 969.332 207 188 184
208.312 57.991 969.816 219 198 193
208.312 58.491 970.047 232 179 180
208.312 58.991 970.184 213 136 144
208.312 59.491 970.257 222 129 139
208.312 59.991 970.277 224 130 139
208.312 60.491 970.252 223 133 138
208.312 60.991 970.223 223 133 140
208.312 61.491 970.174 225 132 139
208.312 61.991 970.106 225 133 138
208.312 62.491 970.052 224 133 138
208.312 62.991 970.014 224 133 140
208.312 63.491 969.995 224 133 140
208.312 63.991 969.949 225 134 143
208.312 64.491 969.885 226 134 144
208.312 64.991 969.743 227 133 142
208.312 65.491 969.637 222 136 141
208.312 65.991 969.546 221 137 140
208.312 66.491 969.409 224 135 141
208.812 56.491 965.337 234 227 221
208.812 56.991 967.368 223 214 209
208.812 57.491 968.889 199 185 180
208.812 57.991 969.654 212 195 191
208.812 58.491 969.903 233 201 197
208.812 58.991 970.071 212 149 152
208.812 59.491 970.194 222 130 141
208.812 59.991 970.228 224 130 139
208.812 60.491 970.227 221 134 140
208.812 60.991 970.216 223 135 141
208.812 61.491 970.191 225 133 141
208.812 61.991 970.121 224 133 140
208.812 62.491 970.056 223 132 139
208.812 62.991 969.990 224 133 140
208.812 63.491 969.932 224 133 142
208.812 63.991 969.895 224 133 142
208.812 64.491 969.857 226 135 143
208.812 64.991 969.775 226 135 140
208.812 65.491 969.665 225 136 140
208.812 65.991 969.572 225 136 142
208.812 66.491 969.424 224 134 143
209.312 56.991 966.172 235 226 221
209.312 57.491 968.342 208 197 192
209.312 57.991 969.424 206 191 186
209.312 58.491 969.787 222 200 194
209.312 58.991 969.964 228 177 178
209.312 59.491 970.094 214 133 140
209.312 59.991 970.160 223 131 140
209.312 60.491 970.194 223 133 140
209.312 60.991 970.187 224 134 141
209.312 61.491 970.152 224 132 140
209.312 61.991 970.098 224 133 140
209.312 62.491 970.045 224 133 140
209.312 62.991 969.955 224 133 140
209.312 63.491 969.877 224 133 142
209.312 63.991 969.835 224 133 142
209.312 64.491 969.819 225 134 143
209.312 64.991 969.776 226 135 141
209.312 65.491 969.676 225 136 141
209.312 65.991 969.565 225 135 143
209.312 66.491 969.400 224 134 143
209.812 56.991 964.955 235 228 222
209.812 57.491 967.588 220 210 206
209.812 57.991 969.063 196 183 179
209.812 58.491 969.578 211 197 190
209.812 58.991 969.800 233 197 194
209.812 59.491 969.941 214 149 152
209.812 59.991 970.055 220 133 141
209.812 60.491 970.116 225 132 142
209.812 60.991 970.133 225 132 142
209.812 61.491 970.125 224 133 141
209.812 61.991 970.071 224 133 140
209.812 62.491 970.009 224 133 140
209.812 62.991 969.915 223 132 139
209.812 63.491 969.858 224 133 142
209.812 63.991 969.836 224 133 142
209.812 64.491 969.826 225 134 143
209.812 64.991 969.812 226 135 142
209.812 65.491 969.730 225 136 142
209.812 65.991 969.596 225 135 143
209.812 66.491 969.487 223 133 142
210.312 57.491 966.270 234 225 220
210.312 57.991 968.561 198 187 183
210.312 58.491 969.345 195 185 178
210.312 58.991 969.626 220 198 193
210.312 59.491 969.819 223 176 176
210.312 59.991 969.952 212 138 143
210.312 60.491 970.026 222 130 140
210.312 60.991 970.070 225 132 142
210.312 61.491 970.067 223 132 141
210.312 61.991 970.044 224 133 140
210.312 62.491 970.014 224 133 140
210.312 62.991 969.941 224 133 140
210.312 63.491 969.875 224 133 142
210.312 63.991 969.843 224 133 142
210.312 64.491 969.831 225 134 143
210.312 64.991 969.797 225 134 141
210.312 65.491 969.766 225 136 142
210.312 65.991 969.645 225 135 143
210.312 66.491 969.512 224 134 143
210.812 57.491 965.166 237 231 224
210.812 57.991 967.780 221 211 207
210.812 58.491 969.013 191 179 175
210.812 58.991 969.464 209 195 188
210.812 59.491 969.671 233 203 199
210.812 59.991 969.835 209 148 149
210.812 60.491 969.959 220 133 141
210.812 60.991 970.036 223 131 140
210.812 61.491 970.052 221 131 140
210.812 61.991 970.041 224 133 140
210.812 62.491 970.028 225 134 141
210.812 62.991 969.979 224 133 140
210.812 63.491 969.909 224 133 142
210.812 63.991 969.869 224 133 142
210.812 64.491 969.848 225 134 143
210.812 64.991 969.802 225 134 143
210.812 65.491 969.766 225 135 144
210.812 65.991 969.703 225 135 144
210.812 66.491 969.552 225 135 144
211.312 57.991 966.412 236 228 225
211.312 58.491 968.328 208 192 192
211.312 58.991 969.217 208 196 191
211.312 59.491 969.573 222 203 195
211.312 59.991 969.722 230 179 177
211.312 60.491 969.868 216 133 141
211.312 60.991 970.008 222 131 140
211.312 61.491 970.048 221 131 140
211.312 61.991 970.039 223 132 139
211.312 62.491 970.006 224 133 140
211.312 62.991 969.953 224 133 140
211.312 63.491 969.893 224 133 142
211.312 63.991 969.859 224 133 142
211.312 64.491 969.837 225 134 143
211.312 64.991 969.794 225 134 143
211.312 65.491 969.761 225 135 144
211.312 65.991 969.695 225 135 144
211.312 66.491 969.540 225 135 144
211.812 57.991 965.494 234 230 225
211.812 58.491 967.702 226 209 207
211.812 58.991 968.814 211 197 194
211.812 59.491 969.394 214 199 194
211.812 59.991 969.638 233 196 195
211.812 60.491 969.802 216 148 154
211.812 60.991 969.958 220 133 141
211.812 61.491 970.028 223 130 138
211.812 61.991 970.023 223 132 139
211.812 62.491 969.976 224 133 140
211.812 62.991 969.901 224 133 140
211.812 63.491 969.865 224 133 140
211.812 63.991 969.850 224 133 142
211.812 64.491 969.824 225 134 143
211.812 64.991 969.776 224 134 143
211.812 65.491 969.728 224 134 143
211.812 65.991 969.647 225 135 144
211.812 66.491 969.489 225 135 144
212.312 57.991 964.486 230 224 220
212.312 58.491 967.029 235 227 222
212.312 58.991 968.363 207 196 192
212.312 59.491 969.084 213 198 195
212.312 59.991 969.493 222 194 192
212.312 60.491 969.748 227 175 176
212.312 60.991 969.897 214 136 142
212.312 61.491 969.979 224 131 141
212.312 61.991 969.974 223 131 141
212.312 62.491 969.905 224 133 140
212.312 62.991 969.849 224 133 140
212.312 63.491 969.841 225 134 141
212.312 63.991 969.835 225 134 142
212.312 64.491 969.789 225 134 143
212.312 64.991 969.726 224 134 143
212.312 65.491 969.645 224 134 143
212.312 65.991 969.547 225 135 144
212.312 66.491 969.433 225 135 144
204.312 66.991 964.378 160 134 140
204.812 66.991 965.384 174 138 145
205.312 66.991 966.573 183 140 148
205.312 67.491 964.772 164 134 143
205.812 66.991 967.569 193 145 153
205.812 67.491 965.783 168 137 147
205.812 67.991 963.988 147 125 134
206.312 66.991 968.085 199 139 148
206.312 67.491 966.345 179 140 149
206.312 67.991 964.651 153 126 135
206.812 66.991 968.654 207 134 146
206.812 67.491 967.445 183 134 143
206.812 67.991 965.669 160 126 134
206.812 68.491 963.858 145 120 129
207.312 66.991 968.940 215 134 145
207.312 67.491 967.939 187 125 134
207.312 67.991 966.400 179 136 144
207.312 68.491 964.540 150 120 129
207.812 66.991 968.998 220 133 142
207.812 67.491 968.160 203 133 143
207.812 67.991 966.668 181 134 143
207.812 68.491 964.889 159 126 135
208.312 66.991 969.100 220 131 141
208.312 67.491 968.399 208 129 140
208.312 67.991 966.999 191 136 145
208.312 68.491 965.447 177 141 148
208.312 68.991 964.224 153 130 137
208.812 66.991 969.206 221 134 143
208.812 67.491 968.704 219 132 141
208.812 67.991 967.736 205 137 146
208.812 68.491 966.376 189 147 154
208.812 68.991 965.079 164 140 148
209.312 66.991 969.198 222 135 143
209.312 67.491 968.731 221 134 143
209.312 67.991 967.965 205 134 143
209.312 68.491 967.117 195 144 151
209.312 68.991 965.878 174 143 151
209.312 69.491 964.511 153 134 143
209.812 66.991 969.265 222 135 143
209.812 67.491 968.797 222 135 144
209.812 67.991 968.128 212 134 143
209.812 68.491 967.469 196 134 142
209.812 68.991 966.495 183 140 147
209.812 69.491 965.463 156 129 138
209.812 69.991 963.954 139 121 131
210.312 66.991 969.332 222 135 143
210.312 67.491 969.022 223 136 144
210.312 67.991 968.511 220 136 144
210.312 68.491 967.914 203 132 139
210.312 68.991 967.351 181 127 133
210.312 69.491 966.293 175 136 144
210.312 69.991 964.765 148 123 131
210.812 66.991 969.357 223 136 144
210.812 67.491 969.105 223 136 144
210.812 67.991 968.808 223 134 143
210.812 68.491 968.267 218 136 144
210.812 68.991 967.763 196 130 138
210.812 69.491 967.133 180 130 138
210.812 69.991 965.899 159 124 133
211.312 66.991 969.332 223 136 144
211.312 67.491 969.111 223 136 143
211.312 67.991 968.909 228 136 144
211.312 68.491 968.534 223 134 143
211.312 68.991 968.132 210 137 145
211.312 69.491 967.623 190 132 142
211.312 69.991 966.420 180 139 150
211.312 70.491 964.682 150 128 138
211.812 66.991 969.274 225 135 144
211.812 67.491 969.090 225 135 144
211.812 67.991 968.991 224 137 145
211.812 68.491 968.879 224 137 145
211.812 68.991 968.490 220 137 146
211.812 69.491 967.877 205 136 143
211.812 69.991 966.719 190 145 151
211.812 70.491 965.135 164 140 146
212.312 66.991 969.321 225 135 144
212.312 67.491 969.144 225 135 144
212.312 67.991 968.991 221 136 143
212.312 68.491 968.876 226 141 148
212.312 68.991 968.699 225 141 149
212.312 69.491 968.271 209 137 144
212.312 69.991 967.341 195 144 151
212.312 70.491 966.003 173 143 149
212.312 70.991 964.128 150 133 140
212.812 58.491 966.160 233 233 225
212.812 58.991 967.939 221 213 208
212.812 59.491 968.711 205 186 184
212.812 59.991 969.236 205 184 179
212.812 60.491 969.589 228 193 190
212.812 60.991 969.782 214 148 151
212.812 61.491 969.895 218 129 138
212.812 61.991 969.903 223 131 141
212.812 62.491 969.860 224 131 139
212.812 62.991 969.841 224 132 140
212.812 63.491 969.841 224 133 139
212.812 63.991 969.816 223 133 141
212.812 64.491 969.747 223 133 142
212.812 64.991 969.634 224 134 143
212.812 65.491 969.519 224 134 143
212.812 65.991 969.472 224 134 143
212.812 66.491 969.401 225 135 144
213.312 58.491 965.240 227 227 219
213.312 58.991 967.285 236 224 220
213.312 59.491 968.417 209 188 187
213.312 59.991 968.999 181 162 159
213.312 60.491 969.333 212 185 181
213.312 60.991 969.615 227 169 173
213.312 61.491 969.774 218 135 144
213.312 61.991 969.820 222 131 141
213.312 62.491 969.835 223 132 140
213.312 62.991 969.841 225 132 140
213.312 63.491 969.835 223 132 137
213.312 63.991 969.761 223 132 139
213.312 64.491 969.666 222 133 139
213.312 64.991 969.536 224 133 142
213.312 65.491 969.409 225 134 143
213.312 65.991 969.360 224 134 143
213.312 66.491 969.299 223 133 142
213.812 58.991 965.917 240 228 227
213.812 59.491 967.783 223 207 206
213.812 59.991 968.766 179 163 160
213.812 60.491 969.238 175 151 147
213.812 60.991 969.516 226 181 182
213.812 61.491 969.650 212 144 149
213.812 61.991 969.731 217 130 139
213.812 62.491 969.802 218 127 136
213.812 62.991 969.824 221 128 136
213.812 63.491 969.799 224 129 135
213.812 63.991 969.694 224 131 138
213.812 64.491 969.586 224 133 140
213.812 64.991 969.453 225 134 143
213.812 65.491 969.359 225 134 143
213.812 65.991 969.294 224 134 143
213.812 66.491 969.211 224 134 143
214.312 58.991 964.550 231 222 219
214.312 59.491 966.932 236 233 227
214.312 59.991 968.424 199 189 185
214.312 60.491 969.087 172 152 148
214.312 60.991 969.407 209 176 175
214.312 61.491 969.578 227 175 176
214.312 61.991 969.644 214 131 140
214.312 62.491 969.719 218 130 138
214.312 62.991 969.768 221 129 137
214.312 63.491 969.744 223 128 134
214.312 63.991 969.626 224 129 135
214.312 64.491 969.550 223 130 138
214.312 64.991 969.451 224 131 141
214.312 65.491 969.366 224 132 142
214.312 65.991 969.262 225 134 143
214.312 66.491 969.161 225 135 144
214.812 59.491 965.912 230 227 222
214.812 59.991 967.708 225 217 215
214.812 60.491 968.755 179 162 159
214.812 60.991 969.250 203 180 176
214.812 61.491 969.466 230 192 191
214.812 61.991 969.564 217 145 151
214.812 62.491 969.610 217 130 138
214.812 62.991 969.665 224 127 136
214.812 63.491 969.693 224 128 135
214.812 63.991 969.624 224 129 136
214.812 64.491 969.551 226 128 138
214.812 64.991 969.473 222 129 138
214.812 65.491 969.373 223 130 140
214.812 65.991 969.251 225 132 142
214.812 66.491 969.111 224 133 142
215.312 59.491 964.877 227 222 218
215.312 59.991 966.906 228 220 217
215.312 60.491 968.149 212 201 197
215.312 60.991 968.883 205 186 181
215.312 61.491 969.272 215 188 184
215.312 61.991 969.449 226 173 174
215.312 62.491 969.533 215 135 141
215.312 62.991 969.635 222 126 136
215.312 63.491 969.686 223 129 137
215.312 63.991 969.642 222 129 137
215.312 64.491 969.565 226 128 138
215.312 64.991 969.504 222 130 138
215.312 65.491 969.381 223 130 138
215.312 65.991 969.226 224 130 140
215.312 66.491 969.070 223 131 141
215.812 59.991 965.863 233 227 224
215.812 60.491 967.465 233 224 219
215.812 60.991 968.406 207 193 188
215.812 61.491 968.952 214 195 189
215.812 61.991 969.274 232 196 193
215.812 62.491 969.450 214 149 152
215.812 62.991 969.573 218 131 139
215.812 63.491 969.639 221 130 138
215.812 63.991 969.607 221 130 137
215.812 64.491 969.531 222 129 137
215.812 64.991 969.407 221 130 137
215.812 65.491 969.237 222 130 138
215.812 65.991 969.055 223 131 140
215.812 66.491 968.900 221 131 140
216.312 59.991 964.796 222 217 213
216.312 60.491 966.594 228 221 215
216.312 60.991 967.904 219 210 204
216.312 61.491 968.597 211 200 193
216.312 61.991 969.007 219 196 190
216.312 62.491 969.225 230 177 179
216.312 62.991 969.407 216 138 145
216.312 63.491 969.523 220 130 139
216.312 63.991 969.510 221 130 139
216.312 64.491 969.397 222 129 139
216.312 64.991 969.167 222 129 137
216.312 65.491 968.894 223 130 138
216.312 65.991 968.655 222 131 140
216.312 66.491 968.482 220 134 142
216.812 60.491 965.760 225 220 214
216.812 60.991 967.355 221 215 209
216.812 61.491 968.234 210 202 196
216.812 61.991 968.745 216 198 194
216.812 62.491 968.995 228 185 187
216.812 62.991 969.215 223 155 161
216.812 63.491 969.361 216 130 139
216.812 63.991 969.350 220 127 137
216.812 64.491 969.164 223 127 139
216.812 64.991 968.931 222 127 138
216.812 65.491 968.632 221 129 140
216.812 65.991 968.330 219 132 144
216.812 66.491 968.100 219 140 152
217.312 60.491 965.006 222 217 211
217.312 60.991 966.695 226 221 217
217.312 61.491 967.725 212 203 200
217.312 61.991 968.491 211 196 194
217.312 62.491 968.853 203 173 171
217.312 62.991 969.009 221 169 171
217.312 63.491 969.127 214 142 148
217.312 63.991 969.109 220 131 140
217.312 64.491 968.946 221 128 139
217.312 64.991 968.723 219 130 140
217.312 65.491 968.511 213 130 140
217.312 65.991 968.227 210 136 148
217.312 66.491 967.873 211 147 161
217.812 60.991 965.699 225 220 216
217.812 61.491 967.005 222 213 211
217.812 61.991 968.087 208 196 195
217.812 62.491 968.564 206 187 184
217.812 62.991 968.801 221 184 182
217.812 63.491 968.935 219 158 163
217.812 63.991 968.892 218 140 147
217.812 64.491 968.728 215 131 140
217.812 64.991 968.544 209 130 140
217.812 65.491 968.302 210 136 146
217.812 65.991 967.939 210 148 158
217.812 66.491 967.381 203 151 165
218.312 60.991 964.290 222 217 211
218.312 61.491 965.914 223 218 212
218.312 61.991 967.319 209 199 197
218.312 62.491 968.107 214 197 197
218.312 62.991 968.435 223 194 196
218.312 63.491 968.585 216 174 178
218.312 63.991 968.527 211 155 161
218.312 64.491 968.375 210 147 155
218.312 64.991 968.182 203 143 155
218.312 65.491 967.769 200 149 155
218.312 65.991 967.231 199 148 153
218.312 66.491 966.628 197 147 159
218.812 61.491 964.235 216 209 205
218.812 61.991 966.052 218 211 208
218.812 62.491 967.384 214 203 201
218.812 62.991 967.749 217 199 198
218.812 63.491 967.863 216 189 191
218.812 63.991 967.833 214 176 182
218.812 64.491 967.646 210 168 173
218.812 64.991 967.329 200 162 171
218.812 65.491 966.852 192 154 165
218.812 65.991 966.247 186 153 166
218.812 66.491 965.702 180 158 175
219.312 61.991 964.241 224 216 213
219.312 62.491 965.941 225 217 214
219.312 62.991 966.520 228 218 217
219.312 63.491 966.647 230 217 217
219.312 63.991 966.638 210 193 196
219.312 64.491 966.534 195 175 181
219.312 64.991 965.980 188 172 175
219.312 65.491 965.455 189 169 181
219.312 65.991 965.021 180 169 189
219.312 66.491 964.337 151 159 182
219.812 62.491 963.875 205 195 193
219.812 62.991 964.528 184 176 174
219.812 63.491 964.627 181 173 174
219.812 63.991 964.740 180 174 179
219.812 64.491 964.780 187 181 189
219.812 64.991 964.263 187 184 189
219.812 65.491 963.868 189 185 198
212.812 66.991 969.292 225 135 144
212.812 67.491 969.133 225 135 144
212.812 67.991 968.972 223 137 146
212.812 68.491 968.868 225 141 148
212.812 68.991 968.744 224 141 149
212.812 69.491 968.411 214 138 146
212.812 69.991 967.667 199 139 148
212.812 70.491 966.747 181 143 152
212.812 70.991 965.190 152 130 139
213.312 66.991 969.170 225 135 144
213.312 67.491 968.974 222 135 143
213.312 67.991 968.829 226 140 148
213.312 68.491 968.738 223 142 148
213.312 68.991 968.642 223 142 148
213.312 69.491 968.413 220 141 150
213.312 69.991 967.987 203 135 145
213.312 70.491 967.055 183 136 146
213.312 70.991 965.527 152 125 133
213.812 66.991 969.047 224 134 143
213.812 67.491 968.876 223 136 144
213.812 67.991 968.750 226 140 149
213.812 68.491 968.631 224 143 150
213.812 68.991 968.546 223 144 149
213.812 69.491 968.387 222 141 150
213.812 69.991 967.985 211 137 149
213.812 70.491 967.186 175 126 135
213.812 70.991 965.776 173 146 152
213.812 71.491 964.011 140 123 133
214.312 66.991 968.977 222 135 143
214.312 67.491 968.774 225 138 146
214.312 67.991 968.657 227 140 149
214.312 68.491 968.532 224 143 150
214.312 68.991 968.409 223 144 149
214.312 69.491 968.208 224 142 150
214.312 69.991 967.828 210 134 145
214.312 70.491 967.240 180 129 137
214.312 70.991 966.041 181 154 159
214.312 71.491 964.187 148 131 139
214.812 66.991 968.911 223 135 144
214.812 67.491 968.665 226 139 148
214.812 67.991 968.479 227 139 148
214.812 68.491 968.328 226 141 150
214.812 68.991 968.197 223 143 151
214.812 69.491 967.926 220 142 149
214.812 69.991 967.530 208 137 146
214.812 70.491 966.928 194 146 153
214.812 70.991 965.737 185 157 164
214.812 71.491 964.019 167 148 159
215.312 66.991 968.821 223 135 144
215.312 67.491 968.466 224 141 149
215.312 67.991 968.215 224 143 151
215.312 68.491 968.004 223 142 153
215.312 68.991 967.802 217 142 153
215.312 69.491 967.467 212 142 150
215.312 69.991 966.980 204 144 151
215.312 70.491 966.217 195 153 161
215.312 70.991 965.016 189 159 172
215.812 66.991 968.614 221 136 143
215.812 67.491 968.252 221 141 147
215.812 67.991 967.916 215 142 148
215.812 68.491 967.553 210 145 154
215.812 68.991 967.210 210 149 159
215.812 69.491 966.841 208 151 161
215.812 69.991 966.346 200 150 161
215.812 70.491 965.620 192 154 168
215.812 70.991 964.542 181 155 174
216.312 66.991 968.165 219 138 147
216.312 67.491 967.792 215 140 147
216.312 67.991 967.409 217 146 153
216.312 68.491 966.876 215 150 160
216.312 68.991 966.414 206 151 163
216.312 69.491 966.111 199 151 163
216.312 69.991 965.770 192 152 165
216.312 70.491 965.192 181 152 171
216.312 70.991 964.246 159 142 165
216.812 66.991 967.822 215 145 156
216.812 67.491 967.323 214 148 160
216.812 67.991 966.675 214 148 159
216.812 68.491 966.007 211 149 163
216.812 68.991 965.684 198 148 164
216.812 69.491 965.369 185 146 161
216.812 69.991 964.976 172 142 159
216.812 70.491 964.386 154 136 156
217.312 66.991 967.369 214 159 175
217.312 67.491 966.709 199 151 167
217.312 67.991 965.753 196 149 167
217.312 68.491 965.088 188 146 165
217.312 68.991 964.847 175 145 166
217.312 69.491 964.418 161 141 163
217.312 69.991 964.063 142 129 151
217.812 66.991 966.658 200 159 176
217.812 67.491 965.791 187 157 175
217.812 67.991 964.854 171 149 168
217.812 68.491 964.371 161 145 168
217.812 68.991 964.065 143 137 162
218.312 66.991 965.888 183 149 168
218.312 67.491 964.990 153 146 170
218.312 67.991 964.243 137 138 171
218.812 66.991 964.833 168 160 184
218.812 67.491 964.143 145 153 180
