156.831 -128.344 985.423 195 194 192
160.831 -128.344 983.679 211 207 204
161.331 -128.344 983.162 211 206 202
162.331 -128.344 982.899 204 199 193
163.331 -127.844 985.004 210 206 204
163.831 -127.844 984.109 198 193 189
164.331 -127.344 985.248 207 203 200
165.331 -126.844 981.982 194 190 187
165.831 -126.844 980.113 190 184 175
165.831 -126.344 981.768 180 173 166
165.831 -125.844 983.533 179 170 165
166.331 -126.344 979.895 201 191 181
166.331 -125.844 979.915 204 194 185
166.831 -126.344 979.589 212 199 186
166.831 -125.844 979.599 207 194 182
167.331 -126.344 979.407 213 199 186
167.331 -125.844 979.426 219 205 192
163.331 -104.844 985.435 176 169 166
163.331 -104.344 984.591 179 173 170
163.331 -103.844 984.572 184 175 171
163.331 -103.344 984.621 194 187 181
163.331 -102.844 984.625 190 180 173
163.331 -102.344 984.652 204 194 185
163.831 -107.344 981.937 144 136 132
163.831 -106.844 979.993 173 166 159
163.831 -106.344 979.756 179 169 161
163.831 -105.844 979.621 224 215 205
163.831 -105.344 979.417 233 223 214
163.831 -104.844 979.273 222 213 204
163.831 -104.344 979.189 196 187 177
163.831 -103.844 979.218 213 205 193
163.831 -103.344 979.237 220 211 199
163.831 -102.844 979.269 213 201 187
163.831 -102.344 979.429 224 212 197
164.331 -113.344 985.413 155 150 146
164.331 -112.844 985.384 179 173 170
164.331 -112.344 984.946 205 200 196
164.331 -111.844 984.160 188 181 175
164.331 -111.344 982.503 190 181 176
164.331 -110.844 981.149 192 184 176
164.331 -110.344 980.230 203 192 185
164.331 -109.844 979.539 207 196 190
164.331 -109.344 979.631 207 197 188
164.331 -108.844 979.689 200 188 180
164.331 -108.344 979.722 199 186 178
164.331 -107.844 979.706 197 187 178
164.331 -107.344 979.665 214 205 196
164.331 -106.844 979.622 216 207 198
164.331 -106.344 979.570 222 212 204
164.331 -105.844 979.454 222 212 202
164.331 -105.344 979.330 225 214 205
164.331 -104.844 979.222 225 215 205
164.331 -104.344 979.179 207 199 188
164.331 -103.844 979.221 216 206 194
164.831 -116.844 985.126 168 158 153
164.831 -116.344 985.001 181 171 166
164.831 -115.844 985.082 193 184 175
164.831 -115.344 983.308 216 205 196
164.831 -114.844 979.655 215 204 193
164.831 -114.344 979.134 209 198 189
164.831 -113.844 978.992 198 187 178
164.831 -113.344 978.948 210 199 190
164.831 -112.844 978.980 215 204 195
164.831 -112.344 979.062 214 203 194
164.831 -111.844 979.085 210 198 189
164.831 -111.344 979.084 214 200 190
164.831 -110.844 979.096 216 201 188
164.831 -110.344 979.131 213 198 185
164.831 -109.844 979.178 213 198 185
164.831 -109.344 979.240 214 199 186
164.831 -108.844 979.285 209 193 179
164.831 -108.344 979.322 215 199 185
164.831 -107.844 979.338 214 202 189
165.331 -121.344 984.969 162 157 154
165.331 -120.844 984.904 159 152 148
165.331 -120.344 985.020 159 148 144
165.331 -119.844 985.473 188 179 171
165.331 -119.344 984.054 210 200 191
165.331 -118.844 979.940 210 200 190
165.331 -118.344 980.216 214 201 192
165.331 -117.844 981.779 220 208 196
165.331 -117.344 981.135 218 204 194
165.331 -116.844 979.411 212 198 189
165.331 -116.344 979.155 219 205 193
165.331 -115.844 979.247 219 204 191
165.331 -115.344 979.330 219 203 188
165.331 -114.844 978.965 208 192 177
165.331 -114.344 978.902 213 197 182
165.331 -113.844 978.897 215 199 186
165.331 -113.344 978.889 211 195 181
165.331 -112.844 978.872 212 196 183
165.331 -112.344 978.867 218 202 189
165.331 -111.844 978.900 216 200 186
165.331 -111.344 978.945 215 199 185
165.331 -110.844 978.991 216 203 188
165.331 -110.344 979.026 216 202 189
165.331 -109.844 979.053 215 201 188
165.831 -125.344 983.688 188 181 175
165.831 -124.844 980.372 188 181 173
165.831 -124.344 980.113 194 187 177
165.831 -123.844 980.124 202 194 186
165.831 -123.344 979.905 208 199 192
165.831 -122.844 979.707 203 194 187
165.831 -122.344 979.409 206 197 189
165.831 -121.844 979.243 210 202 193
165.831 -121.344 979.243 209 201 192
165.831 -120.844 979.220 201 191 181
165.831 -120.344 979.245 213 201 189
165.831 -119.844 979.376 215 202 190
165.831 -119.344 979.402 212 200 187
165.831 -118.844 979.415 213 199 186
165.831 -118.344 979.440 214 201 186
165.831 -117.844 979.445 217 204 188
165.831 -117.344 979.342 217 204 188
165.831 -116.844 979.224 215 200 186
165.831 -116.344 979.101 220 204 189
165.831 -115.844 979.109 212 196 180
165.831 -115.344 979.066 208 192 176
165.831 -114.844 979.030 207 190 174
165.831 -114.344 979.009 212 195 179
165.831 -113.844 978.954 208 192 176
165.831 -113.344 978.916 207 191 175
166.331 -125.344 979.899 203 193 183
166.331 -124.844 979.792 204 194 182
166.331 -124.344 979.768 203 193 178
166.331 -123.844 979.674 211 199 187
166.331 -123.344 979.426 211 199 187
166.331 -122.844 979.214 211 199 187
166.331 -122.344 979.158 216 203 191
166.331 -121.844 979.129 221 209 196
166.331 -121.344 979.159 223 210 196
166.331 -120.844 979.189 222 210 194
166.331 -120.344 979.182 218 205 189
166.331 -119.844 979.205 213 200 184
166.331 -119.344 979.233 214 201 185
166.331 -118.844 979.259 218 204 188
166.331 -118.344 979.257 217 201 186
166.331 -117.844 979.306 211 195 179
166.331 -117.344 979.300 206 193 174
166.831 -125.344 979.525 210 197 185
166.831 -124.844 979.491 212 199 186
166.831 -124.344 979.418 207 194 179
166.831 -123.844 979.220 213 200 187
166.831 -123.344 979.123 216 203 191
166.831 -122.844 979.076 215 201 189
166.831 -122.344 979.082 214 201 186
166.831 -121.844 979.103 216 202 186
166.831 -121.344 979.136 218 203 187
166.831 -120.844 979.179 223 208 191
167.331 -125.344 979.348 219 205 192
167.331 -124.844 979.300 217 203 190
149.331 -79.844 985.483 124 124 136
149.331 -79.344 984.995 119 119 132
149.831 -78.844 985.106 116 115 123
158.831 -79.344 984.946 160 154 154
158.831 -78.844 981.311 147 144 146
159.331 -80.344 984.921 159 155 154
159.331 -79.844 982.302 172 167 166
159.331 -79.344 980.759 174 168 168
159.331 -78.844 980.060 184 183 180
159.831 -80.844 983.853 171 168 166
159.831 -80.344 981.889 180 176 175
159.831 -79.844 980.450 185 181 180
159.831 -79.344 979.891 192 187 187
159.831 -78.844 979.640 199 198 194
160.331 -84.844 984.121 161 157 154
160.331 -84.344 980.814 164 160 157
160.331 -83.844 980.166 196 192 189
160.331 -83.344 979.914 199 194 191
160.331 -82.844 979.894 188 184 180
160.331 -82.344 979.823 176 172 170
160.331 -81.844 979.817 196 192 189
160.331 -81.344 979.839 195 190 187
160.331 -80.844 979.700 197 192 188
160.331 -80.344 979.593 193 188 184
160.331 -79.844 979.411 197 193 192
160.331 -79.344 979.347 201 197 194
160.331 -78.844 979.304 200 198 194
160.831 -86.844 983.981 188 183 175
160.831 -86.344 980.439 200 195 185
160.831 -85.844 979.978 199 193 184
160.831 -85.344 979.775 189 184 174
160.831 -84.844 979.634 206 199 189
160.831 -84.344 979.550 213 206 195
160.831 -83.844 979.450 210 203 192
160.831 -83.344 979.291 214 206 196
160.831 -82.844 979.238 211 202 194
160.831 -82.344 979.258 203 196 190
160.831 -81.844 979.316 202 194 190
160.831 -81.344 979.336 200 192 189
160.831 -80.844 979.192 196 189 186
160.831 -80.344 979.244 199 194 191
160.831 -79.844 979.175 202 197 194
160.831 -79.344 979.150 205 200 197
161.331 -90.344 985.457 196 189 183
161.331 -89.844 983.441 185 177 170
161.331 -89.344 979.935 219 210 201
161.331 -88.844 979.740 190 181 171
161.331 -88.344 979.838 228 218 208
161.331 -87.844 979.851 224 214 205
161.331 -87.344 979.682 224 214 202
161.331 -86.844 979.469 214 205 191
161.331 -86.344 979.505 218 209 194
161.331 -85.844 979.528 224 215 200
161.331 -85.344 979.472 219 209 199
161.331 -84.844 979.412 213 204 191
161.331 -84.344 979.372 213 203 191
161.331 -83.844 979.299 215 205 193
161.331 -83.344 979.223 213 203 193
161.831 -93.344 985.213 189 185 178
161.831 -92.844 980.723 193 189 182
161.831 -92.344 980.294 179 174 167
161.831 -91.844 979.860 202 192 184
161.831 -91.344 979.445 222 211 204
161.831 -90.844 979.238 219 209 198
161.831 -90.344 979.131 211 201 190
161.831 -89.844 979.084 224 213 201
161.831 -89.344 979.089 223 211 198
161.831 -88.844 979.078 218 205 191
161.831 -88.344 979.120 220 206 193
161.831 -87.844 979.157 222 209 194
161.831 -87.344 979.202 222 209 193
161.831 -86.844 979.248 215 202 186
161.831 -86.344 979.275 219 206 189
161.831 -85.844 979.296 224 211 195
161.831 -85.344 979.318 224 210 197
162.331 -97.344 984.872 212 205 199
162.331 -96.844 984.750 191 184 178
162.331 -96.344 985.251 174 166 158
162.331 -95.844 984.705 184 174 167
162.331 -95.344 979.988 199 190 183
162.331 -94.844 979.557 209 200 191
162.331 -94.344 979.581 209 200 191
162.331 -93.844 979.760 207 198 189
162.331 -93.344 979.852 209 200 191
162.331 -92.844 979.623 210 201 192
162.331 -92.344 979.544 210 201 192
162.331 -91.844 979.400 217 205 193
162.331 -91.344 979.214 221 209 197
162.331 -90.844 979.059 224 212 198
162.331 -90.344 979.000 224 211 197
162.331 -89.844 978.957 223 210 194
162.331 -89.344 978.947 219 206 190
162.331 -88.844 978.950 213 198 184
162.831 -99.344 984.795 191 183 175
162.831 -98.844 983.315 202 194 185
162.831 -98.344 982.183 217 207 197
162.831 -97.844 982.021 223 214 204
162.831 -97.344 979.540 224 215 205
162.831 -96.844 979.388 223 212 201
162.831 -96.344 979.354 216 204 193
162.831 -95.844 979.332 217 206 195
162.831 -95.344 979.234 217 206 195
162.831 -94.844 979.241 215 204 193
162.831 -94.344 979.260 213 202 191
162.831 -93.844 979.341 207 196 185
162.831 -93.344 979.473 216 204 193
162.831 -92.844 979.283 218 207 196
163.331 -101.844 984.177 205 195 186
163.331 -101.344 983.496 212 202 193
163.331 -100.844 983.214 214 204 194
163.331 -100.344 983.070 216 206 194
163.331 -99.844 980.119 225 215 200
163.331 -99.344 979.673 222 211 194
163.331 -98.844 979.358 221 210 192
163.331 -98.344 979.256 223 211 195
163.331 -97.844 979.240 218 206 190
163.331 -97.344 979.192 218 206 190
163.331 -96.844 979.237 226 214 198
163.331 -96.344 979.223 224 211 195
163.831 -101.844 979.599 231 217 202
163.831 -101.344 979.742 227 215 201
163.831 -100.844 979.722 226 214 200
163.831 -100.344 979.552 225 213 199
150.331 -78.344 984.150 132 132 140
150.331 -77.844 983.163 121 120 128
150.831 -78.344 983.935 133 133 143
150.831 -77.844 983.005 113 112 121
151.331 -78.344 984.242 118 118 125
151.331 -77.844 982.634 116 115 122
151.831 -77.844 981.525 117 116 123
151.831 -77.344 980.000 111 109 116
152.331 -77.844 981.281 110 109 117
152.331 -77.344 979.840 110 109 116
152.831 -77.844 981.153 119 118 123
152.831 -77.344 979.770 119 118 122
153.331 -77.844 981.052 118 117 122
153.331 -77.344 979.728 122 121 126
153.831 -78.344 984.841 126 125 130
153.831 -77.844 980.819 119 119 123
153.831 -77.344 979.667 120 119 124
154.331 -78.344 983.455 131 132 136
154.331 -77.844 980.234 119 119 124
154.331 -77.344 979.554 119 118 123
154.831 -78.344 983.336 126 125 130
154.831 -77.844 979.911 116 116 122
154.831 -77.344 979.419 120 119 127
155.331 -78.344 985.009 132 131 137
155.331 -77.844 980.339 109 108 117
155.331 -77.344 979.380 118 116 126
155.831 -77.844 982.041 109 107 117
155.831 -77.344 979.391 115 112 123
156.331 -77.844 982.148 109 108 116
156.331 -77.344 979.303 116 116 123
156.331 -76.844 979.108 128 127 133
156.831 -77.844 982.048 121 120 126
156.831 -77.344 979.341 127 128 133
156.831 -76.844 979.154 132 132 136
157.331 -77.844 981.656 118 117 121
157.331 -77.344 979.437 128 127 132
157.331 -76.844 979.294 128 127 132
157.831 -78.344 982.794 139 137 139
157.831 -77.844 979.956 129 128 133
157.831 -77.344 979.550 125 124 129
157.831 -76.844 979.604 134 132 136
158.331 -78.344 981.252 137 135 137
158.331 -77.844 979.835 127 125 128
158.831 -78.344 979.925 155 153 155
158.831 -77.844 979.650 147 146 145
159.331 -78.344 979.664 197 196 194
159.331 -77.844 979.450 207 203 201
159.831 -78.344 979.367 201 200 196
159.831 -77.844 979.217 208 205 200
160.331 -78.344 979.214 204 203 198
160.331 -77.844 979.162 206 202 196
160.331 -77.344 979.093 203 196 189
156.331 -125.844 991.307 172 170 173
156.831 -127.844 988.083 174 172 172
156.831 -127.344 990.931 157 155 156
156.831 -126.844 991.357 176 173 177
156.831 -126.344 991.814 174 172 176
156.831 -125.844 991.864 168 167 171
157.331 -128.344 986.739 213 212 210
157.331 -127.844 990.019 183 183 183
157.331 -127.344 991.714 147 147 149
157.331 -126.844 991.989 143 143 149
157.331 -126.344 992.014 143 142 150
157.331 -125.844 992.001 140 140 148
157.831 -128.344 988.793 222 220 217
157.831 -127.844 991.163 166 166 166
157.831 -127.344 991.921 144 144 147
157.831 -126.844 992.012 142 142 149
157.831 -126.344 992.003 142 142 150
157.831 -125.844 991.959 140 140 148
158.331 -128.344 989.304 212 211 207
158.331 -127.844 991.560 168 168 168
158.331 -127.344 992.009 145 145 147
158.331 -126.844 992.001 142 143 149
158.331 -126.344 991.943 142 142 150
158.331 -125.844 991.925 142 142 150
158.831 -128.344 988.898 216 213 210
158.831 -127.844 991.485 175 175 177
158.831 -127.344 991.997 144 143 147
158.831 -126.844 991.940 142 143 149
158.831 -126.344 991.861 142 142 150
158.831 -125.844 991.857 142 142 150
159.331 -128.344 987.748 218 214 212
159.331 -127.844 990.921 180 180 182
159.331 -127.344 991.859 144 143 148
159.331 -126.844 991.880 142 143 149
159.331 -126.344 991.851 143 143 151
159.331 -125.844 991.844 142 142 150
159.831 -128.344 986.957 222 219 217
159.831 -127.844 990.006 188 188 190
159.831 -127.344 991.645 143 143 146
159.831 -126.844 991.858 143 143 150
159.831 -126.344 991.841 142 142 150
159.831 -125.844 991.826 142 142 150
160.331 -128.344 985.584 232 227 224
160.331 -127.844 989.741 200 200 201
160.331 -127.344 991.612 150 150 152
160.331 -126.844 991.845 144 145 151
160.331 -126.344 991.837 143 143 151
160.331 -125.844 991.832 143 143 151
160.831 -127.844 989.339 202 200 200
160.831 -127.344 991.525 156 156 159
160.831 -126.844 991.807 145 145 150
160.831 -126.344 991.835 145 145 153
160.831 -125.844 991.853 145 145 153
161.331 -127.844 988.996 209 207 207
161.331 -127.344 991.267 171 171 173
161.331 -126.844 991.757 146 146 152
161.331 -126.344 991.845 149 150 155
161.331 -125.844 991.882 152 152 160
161.831 -127.844 988.261 217 214 212
161.831 -127.344 990.762 180 180 182
161.831 -126.844 991.704 148 148 154
161.831 -126.344 991.873 150 151 156
161.831 -125.844 991.898 155 156 161
162.331 -127.844 987.000 214 210 208
162.331 -127.344 990.488 191 189 192
162.331 -126.844 991.719 148 147 153
162.331 -126.344 991.903 145 146 151
162.331 -125.844 991.919 151 152 157
162.831 -127.844 985.703 210 206 205
162.831 -127.344 990.265 203 201 204
162.831 -126.844 991.744 143 143 148
162.831 -126.344 991.938 141 142 146
162.831 -125.844 991.960 145 146 151
163.331 -127.344 989.486 216 214 215
163.331 -126.844 991.611 143 143 148
163.331 -126.344 991.939 139 140 144
163.331 -125.844 991.985 140 141 146
163.831 -127.344 987.829 210 209 207
163.831 -126.844 991.343 144 144 147
163.831 -126.344 991.946 141 140 145
163.831 -125.844 992.014 145 144 150
164.331 -126.844 990.282 154 154 156
164.331 -126.344 991.805 144 143 148
164.331 -125.844 992.011 146 145 151
164.831 -126.844 986.805 183 181 182
164.831 -126.344 990.587 146 145 146
164.831 -125.844 991.523 147 145 149
165.331 -126.344 986.672 163 159 158
165.331 -125.844 988.842 168 163 163
153.331 -105.344 991.476 113 117 131
153.331 -104.844 991.470 124 128 139
153.331 -104.344 991.563 133 137 148
153.331 -103.844 991.610 144 148 159
153.331 -103.344 991.620 150 154 165
153.331 -102.844 991.600 156 160 171
153.331 -102.344 991.595 163 166 177
153.831 -108.844 991.818 112 117 129
153.831 -108.344 991.779 121 124 137
153.831 -107.844 991.744 126 131 143
153.831 -107.344 991.727 145 149 160
153.831 -106.844 991.708 157 159 171
153.831 -106.344 991.717 168 169 181
153.831 -105.844 991.710 168 170 183
153.831 -105.344 991.661 171 175 186
153.831 -104.844 991.643 169 173 183
153.831 -104.344 991.705 167 169 178
153.831 -103.844 991.726 160 163 172
153.831 -103.344 991.729 157 159 171
153.831 -102.844 991.729 148 152 164
153.831 -102.344 991.737 144 147 161
154.331 -112.844 992.156 99 105 121
154.331 -112.344 992.122 99 105 119
154.331 -111.844 992.085 106 112 126
154.331 -111.344 992.062 122 128 142
154.331 -110.844 992.052 144 150 162
154.331 -110.344 992.009 162 168 180
154.331 -109.844 991.944 172 176 188
154.331 -109.344 991.904 181 185 197
154.331 -108.844 991.849 179 181 194
154.331 -108.344 991.810 172 174 187
154.331 -107.844 991.805 162 164 176
154.331 -107.344 991.813 156 158 171
154.331 -106.844 991.812 152 154 166
154.331 -106.344 991.806 148 150 162
154.331 -105.844 991.774 145 147 159
154.331 -105.344 991.780 143 145 157
154.331 -104.844 991.793 138 141 153
154.331 -104.344 991.801 136 140 151
154.331 -103.844 991.800 135 139 150
154.331 -103.344 991.798 134 138 149
154.331 -102.844 991.765 133 137 148
154.331 -102.344 991.780 133 137 148
154.831 -114.844 992.274 126 135 148
154.831 -114.344 992.211 148 154 170
154.831 -113.844 992.171 161 166 181
154.831 -113.344 992.147 166 170 184
154.831 -112.844 992.124 157 162 175
154.831 -112.344 992.109 158 163 176
154.831 -111.844 992.096 162 168 180
154.831 -111.344 992.074 160 166 177
154.831 -110.844 992.052 154 159 171
154.831 -110.344 992.020 147 151 163
154.831 -109.844 991.970 143 147 159
154.831 -109.344 991.933 142 146 157
154.831 -108.844 991.875 142 144 157
154.831 -108.344 991.827 141 143 155
154.831 -107.844 991.825 138 140 152
154.831 -107.344 991.823 136 138 150
154.831 -106.844 991.824 138 140 152
154.831 -106.344 991.819 139 141 153
154.831 -105.844 991.815 138 140 152
154.831 -105.344 991.807 138 140 152
154.831 -104.844 991.828 136 139 150
154.831 -104.344 991.836 133 137 148
154.831 -103.844 991.854 132 136 147
154.831 -103.344 991.824 131 135 146
154.831 -102.844 991.792 133 137 148
154.831 -102.344 991.778 133 137 148
155.331 -118.344 993.504 208 210 215
155.331 -117.844 993.205 172 177 183
155.331 -117.344 992.888 138 145 155
155.331 -116.844 992.637 139 146 155
155.331 -116.344 992.434 162 168 180
155.331 -115.844 992.320 169 174 186
155.331 -115.344 992.284 170 174 183
155.331 -114.844 992.229 156 160 170
155.331 -114.344 992.177 149 153 164
155.331 -113.844 992.141 144 148 159
155.331 -113.344 992.120 139 143 154
155.331 -112.844 992.109 136 140 151
155.331 -112.344 992.102 135 139 150
155.331 -111.844 992.083 137 141 152
155.331 -111.344 992.063 140 144 155
155.331 -110.844 992.038 138 142 153
155.331 -110.344 992.009 137 141 152
155.331 -109.844 991.961 137 139 151
155.331 -109.344 991.897 136 138 150
155.331 -108.844 991.851 138 140 152
155.331 -108.344 991.815 138 140 152
155.331 -107.844 991.797 135 137 149
155.331 -107.344 991.788 135 137 149
155.331 -106.844 991.801 138 140 152
155.331 -106.344 991.809 133 135 147
155.331 -105.844 991.816 134 136 148
155.331 -105.344 991.822 134 136 148
155.331 -104.844 991.840 133 136 147
155.331 -104.344 991.847 131 135 146
155.331 -103.844 991.849 131 135 146
155.331 -103.344 991.826 131 135 146
155.331 -102.844 991.786 132 136 147
155.331 -102.344 991.773 133 137 148
155.831 -122.344 993.290 215 216 218
155.831 -121.844 993.361 211 212 214
155.831 -121.344 993.460 206 207 209
155.831 -120.844 993.568 198 199 202
155.831 -120.344 993.581 191 192 195
155.831 -119.844 993.613 187 188 190
155.831 -119.344 993.620 183 183 184
155.831 -118.844 993.495 177 177 182
155.831 -118.344 993.189 169 172 177
155.831 -117.844 992.910 161 164 171
155.831 -117.344 992.687 152 155 164
155.831 -116.844 992.445 138 141 151
155.831 -116.344 992.300 137 139 151
155.831 -115.844 992.224 138 140 152
155.831 -115.344 992.184 138 140 152
155.831 -114.844 992.156 136 140 149
155.831 -114.344 992.119 136 140 149
155.831 -113.844 992.094 136 140 149
155.831 -113.344 992.083 136 140 151
155.831 -112.844 992.082 137 141 152
155.831 -112.344 992.090 136 140 151
155.831 -111.844 992.085 136 140 151
155.831 -111.344 992.063 137 141 152
155.831 -110.844 992.028 137 139 151
155.831 -110.344 991.991 137 139 151
155.831 -109.844 991.927 137 139 151
155.831 -109.344 991.866 137 139 151
155.831 -108.844 991.830 137 139 151
155.831 -108.344 991.794 136 138 150
155.831 -107.844 991.763 136 138 150
155.831 -107.344 991.737 136 138 150
155.831 -106.844 991.752 135 137 149
155.831 -106.344 991.774 135 137 149
155.831 -105.844 991.786 134 136 148
155.831 -105.344 991.816 134 136 148
155.831 -104.844 991.854 134 136 148
155.831 -104.344 991.867 133 135 147
155.831 -103.844 991.874 133 135 147
155.831 -103.344 991.864 133 135 147
155.831 -102.844 991.808 133 135 147
155.831 -102.344 991.772 133 135 147
156.331 -125.344 991.816 181 181 183
156.331 -124.844 992.041 193 192 196
156.331 -124.344 992.257 197 198 202
156.331 -123.844 992.512 196 197 201
156.331 -123.344 992.742 195 196 200
156.331 -122.844 992.893 189 190 194
156.331 -122.344 993.080 180 181 185
156.331 -121.844 993.168 171 172 176
156.331 -121.344 993.189 168 168 172
156.331 -120.844 993.203 159 161 166
156.331 -120.344 993.181 154 155 160
156.331 -119.844 993.137 151 152 156
156.331 -119.344 993.053 150 149 154
156.331 -118.844 992.899 149 149 154
156.331 -118.344 992.767 148 151 158
156.331 -117.844 992.688 148 151 160
156.331 -117.344 992.448 146 146 156
156.331 -116.844 992.292 137 138 150
156.331 -116.344 992.173 136 138 150
156.331 -115.844 992.109 134 136 149
156.331 -115.344 992.062 134 136 149
156.331 -114.844 992.050 134 137 149
156.331 -114.344 992.042 135 138 148
156.331 -113.844 992.042 135 139 148
156.331 -113.344 992.037 136 140 149
156.331 -112.844 992.041 135 139 150
156.331 -112.344 992.051 135 139 150
156.331 -111.844 992.056 136 139 151
156.331 -111.344 992.039 135 138 150
156.331 -110.844 992.014 138 138 149
156.331 -110.344 991.954 136 138 149
156.331 -109.844 991.887 136 138 149
156.331 -109.344 991.848 137 139 150
156.331 -108.844 991.807 136 138 150
156.331 -108.344 991.756 136 138 149
156.331 -107.844 991.728 136 138 150
156.331 -107.344 991.716 135 137 149
156.331 -106.844 991.716 134 136 148
156.331 -106.344 991.749 134 136 148
156.331 -105.844 991.771 135 137 149
156.331 -105.344 991.803 134 136 148
156.331 -104.844 991.836 132 134 146
156.331 -104.344 991.846 133 135 147
156.331 -103.844 991.861 132 134 146
156.331 -103.344 991.833 132 134 146
156.331 -102.844 991.809 132 134 146
156.331 -102.344 991.768 132 134 146
156.831 -125.344 992.011 157 156 161
156.831 -124.844 992.217 149 149 154
156.831 -124.344 992.295 146 147 151
156.831 -123.844 992.390 144 144 151
156.831 -123.344 992.545 146 146 154
156.831 -122.844 992.732 151 151 159
156.831 -122.344 992.820 146 146 154
156.831 -121.844 992.860 144 144 152
156.831 -121.344 992.912 144 144 152
156.831 -120.844 992.850 142 144 152
156.831 -120.344 992.797 142 145 153
156.831 -119.844 992.777 144 145 151
156.831 -119.344 992.733 146 145 153
156.831 -118.844 992.605 145 145 153
156.831 -118.344 992.466 144 144 155
156.831 -117.844 992.396 141 143 155
156.831 -117.344 992.270 142 142 151
156.831 -116.844 992.153 138 138 148
156.831 -116.344 992.092 135 137 149
156.831 -115.844 992.031 135 137 150
156.831 -115.344 992.018 135 137 149
156.831 -114.844 992.007 135 138 150
156.831 -114.344 991.997 136 139 148
156.831 -113.844 991.982 136 139 148
156.831 -113.344 991.959 136 138 149
156.831 -112.844 991.980 136 138 150
156.831 -112.344 992.016 136 138 150
156.831 -111.844 992.031 136 138 151
156.831 -111.344 992.014 136 138 151
156.831 -110.844 991.985 138 138 148
156.831 -110.344 991.921 138 138 148
156.831 -109.844 991.858 137 138 148
156.831 -109.344 991.822 136 139 148
156.831 -108.844 991.790 136 139 148
156.831 -108.344 991.755 135 139 148
156.831 -107.844 991.724 136 138 150
156.831 -107.344 991.695 136 138 150
156.831 -106.844 991.690 136 138 150
156.831 -106.344 991.709 134 136 148
156.831 -105.844 991.745 134 136 148
156.831 -105.344 991.763 133 135 147
156.831 -104.844 991.808 132 134 146
156.831 -104.344 991.834 132 134 146
156.831 -103.844 991.836 132 134 146
156.831 -103.344 991.811 132 134 146
156.831 -102.844 991.804 132 134 146
156.831 -102.344 991.785 132 134 146
157.331 -125.344 992.064 138 140 148
157.331 -124.844 992.179 136 139 146
157.331 -124.344 992.254 136 139 146
157.331 -123.844 992.316 136 139 148
157.331 -123.344 992.357 136 139 148
157.331 -122.844 992.441 139 142 151
157.331 -122.344 992.522 142 145 154
157.331 -121.844 992.558 141 144 153
157.331 -121.344 992.623 140 143 152
157.331 -120.844 992.557 140 143 152
157.331 -120.344 992.561 140 143 152
157.331 -119.844 992.537 140 143 152
157.331 -119.344 992.468 141 142 152
157.331 -118.844 992.370 140 143 152
157.331 -118.344 992.235 141 144 153
157.331 -117.844 992.125 140 143 152
157.331 -117.344 992.082 139 141 152
157.331 -116.844 992.039 137 139 151
157.331 -116.344 991.980 136 139 148
157.331 -115.844 991.943 137 140 149
157.331 -115.344 991.929 135 138 147
157.331 -114.844 991.923 135 138 147
157.331 -114.344 991.926 135 137 148
157.331 -113.844 991.922 136 138 150
157.331 -113.344 991.906 137 139 151
157.331 -112.844 991.926 136 138 150
157.331 -112.344 991.962 137 139 151
157.331 -111.844 991.994 136 138 150
157.331 -111.344 991.992 136 138 150
157.331 -110.844 991.944 136 139 148
157.331 -110.344 991.895 135 138 147
157.331 -109.844 991.850 137 140 149
157.331 -109.344 991.812 137 140 149
157.331 -108.844 991.786 136 139 148
157.331 -108.344 991.769 135 138 147
157.331 -107.844 991.744 136 139 148
157.331 -107.344 991.706 138 141 150
157.331 -106.844 991.670 140 143 152
157.331 -106.344 991.688 136 139 148
157.331 -105.844 991.712 134 136 148
157.331 -105.344 991.731 132 134 146
157.331 -104.844 991.753 131 134 146
157.331 -104.344 991.785 131 135 146
157.331 -103.844 991.792 132 134 146
157.331 -103.344 991.792 132 134 146
157.331 -102.844 991.791 132 134 146
157.331 -102.344 991.754 132 134 146
157.831 -125.344 991.983 138 141 148
157.831 -124.844 992.034 136 139 148
157.831 -124.344 992.104 137 140 149
157.831 -123.844 992.130 137 140 149
157.831 -123.344 992.199 137 140 149
157.831 -122.844 992.237 140 143 152
157.831 -122.344 992.280 141 144 153
157.831 -121.844 992.297 140 143 152
157.831 -121.344 992.353 138 141 150
157.831 -120.844 992.308 138 141 150
157.831 -120.344 992.324 138 141 150
157.831 -119.844 992.284 139 142 151
157.831 -119.344 992.267 138 141 150
157.831 -118.844 992.194 139 142 151
157.831 -118.344 992.106 141 144 153
157.831 -117.844 992.068 140 143 152
157.831 -117.344 992.007 139 141 153
157.831 -116.844 991.953 138 141 151
157.831 -116.344 991.910 137 140 149
157.831 -115.844 991.883 137 140 149
157.831 -115.344 991.866 137 140 149
157.831 -114.844 991.846 136 139 146
157.831 -114.344 991.841 136 139 147
157.831 -113.844 991.853 137 140 149
157.831 -113.344 991.862 137 140 149
157.831 -112.844 991.871 137 140 149
157.831 -112.344 991.908 137 140 149
157.831 -111.844 991.951 137 140 149
157.831 -111.344 991.955 138 141 150
157.831 -110.844 991.924 139 142 151
157.831 -110.344 991.882 142 145 154
157.831 -109.844 991.851 151 154 163
157.831 -109.344 991.830 154 157 166
157.831 -108.844 991.803 144 147 156
157.831 -108.344 991.785 137 140 149
157.831 -107.844 991.768 139 142 149
157.831 -107.344 991.717 145 148 155
157.831 -106.844 991.689 145 148 157
157.831 -106.344 991.697 142 145 154
157.831 -105.844 991.703 136 139 148
157.831 -105.344 991.725 132 134 146
157.831 -104.844 991.724 131 134 146
157.831 -104.344 991.725 131 135 146
157.831 -103.844 991.743 131 133 145
157.831 -103.344 991.752 131 133 145
157.831 -102.844 991.754 132 134 146
157.831 -102.344 991.732 131 133 145
158.331 -125.344 991.934 139 142 149
158.331 -124.844 991.935 139 142 151
158.331 -124.344 991.969 139 142 151
158.331 -123.844 992.017 140 143 152
158.331 -123.344 992.020 140 143 152
158.331 -122.844 992.026 138 141 150
158.331 -122.344 992.050 138 141 150
158.331 -121.844 992.085 137 140 149
158.331 -121.344 992.153 137 140 149
158.331 -120.844 992.177 138 141 150
158.331 -120.344 992.157 138 141 150
158.331 -119.844 992.127 139 142 151
158.331 -119.344 992.110 138 141 150
158.331 -118.844 992.054 137 140 149
158.331 -118.344 992.007 138 141 150
158.331 -117.844 991.980 139 142 151
158.331 -117.344 991.935 139 141 152
158.331 -116.844 991.893 139 142 151
158.331 -116.344 991.854 139 142 151
158.331 -115.844 991.844 138 141 150
158.331 -115.344 991.821 137 140 147
158.331 -114.844 991.798 137 140 147
158.331 -114.344 991.797 141 144 152
158.331 -113.844 991.801 143 146 155
158.331 -113.344 991.818 144 147 156
158.331 -112.844 991.844 147 150 159
158.331 -112.344 991.864 148 151 160
158.331 -111.844 991.883 147 150 159
158.331 -111.344 991.890 144 147 156
158.331 -110.844 991.883 141 144 153
158.331 -110.344 991.871 142 145 154
158.331 -109.844 991.851 155 158 167
158.331 -109.344 991.835 156 159 167
158.331 -108.844 991.820 154 157 166
158.331 -108.344 991.804 151 154 163
158.331 -107.844 991.782 151 154 161
158.331 -107.344 991.737 159 162 170
158.331 -106.844 991.715 156 159 167
158.331 -106.344 991.720 152 155 164
158.331 -105.844 991.723 145 148 157
158.331 -105.344 991.732 136 139 148
158.331 -104.844 991.696 131 133 145
158.331 -104.344 991.699 131 133 145
158.331 -103.844 991.705 130 134 145
158.331 -103.344 991.715 130 134 145
158.331 -102.844 991.724 129 133 144
158.331 -102.344 991.715 129 133 144
158.831 -125.344 991.872 140 143 150
158.831 -124.844 991.872 140 143 152
158.831 -124.344 991.891 142 145 154
158.831 -123.844 991.887 141 144 153
158.831 -123.344 991.882 138 141 150
158.831 -122.844 991.857 136 139 148
158.831 -122.344 991.862 135 138 147
158.831 -121.844 991.917 136 139 148
158.831 -121.344 991.966 137 140 149
158.831 -120.844 992.022 137 140 149
158.831 -120.344 991.995 139 142 151
158.831 -119.844 991.980 141 144 153
158.831 -119.344 991.962 139 142 151
158.831 -118.844 991.945 138 141 150
158.831 -118.344 991.929 139 142 151
158.831 -117.844 991.891 140 143 152
158.831 -117.344 991.866 139 142 151
158.831 -116.844 991.844 138 141 150
158.831 -116.344 991.820 138 141 149
158.831 -115.844 991.805 138 141 149
158.831 -115.344 991.787 140 143 150
158.831 -114.844 991.768 144 147 154
158.831 -114.344 991.761 149 151 158
158.831 -113.844 991.758 151 152 160
158.831 -113.344 991.768 153 154 162
158.831 -112.844 991.790 159 160 168
158.831 -112.344 991.821 159 160 167
158.831 -111.844 991.842 158 160 167
158.831 -111.344 991.844 150 152 159
158.831 -110.844 991.849 143 144 152
158.831 -110.344 991.852 142 143 151
158.831 -109.844 991.846 151 152 160
158.831 -109.344 991.843 156 158 165
158.831 -108.844 991.827 156 158 165
158.831 -108.344 991.809 159 160 168
158.831 -107.844 991.802 160 163 171
158.831 -107.344 991.795 164 168 174
158.831 -106.844 991.781 164 168 175
158.831 -106.344 991.780 158 161 170
158.831 -105.844 991.778 152 155 164
158.831 -105.344 991.755 141 144 153
158.831 -104.844 991.690 132 135 145
158.831 -104.344 991.686 129 132 142
158.831 -103.844 991.691 129 133 143
158.831 -103.344 991.691 129 133 142
158.831 -102.844 991.710 128 133 142
158.831 -102.344 991.699 130 135 145
159.331 -125.344 991.842 141 144 151
159.331 -124.844 991.845 141 144 153
159.331 -124.344 991.853 142 145 154
159.331 -123.844 991.832 141 144 153
159.331 -123.344 991.824 137 140 149
159.331 -122.844 991.820 134 137 146
159.331 -122.344 991.822 134 137 146
159.331 -121.844 991.855 135 138 147
159.331 -121.344 991.905 136 139 148
159.331 -120.844 991.934 137 140 149
159.331 -120.344 991.950 138 141 150
159.331 -119.844 991.922 139 142 151
159.331 -119.344 991.913 140 143 152
159.331 -118.844 991.910 138 141 150
159.331 -118.344 991.894 136 139 148
159.331 -117.844 991.871 136 139 148
159.331 -117.344 991.850 135 138 147
159.331 -116.844 991.822 136 139 148
159.331 -116.344 991.788 135 138 146
159.331 -115.844 991.768 133 136 143
159.331 -115.344 991.773 141 144 151
159.331 -114.844 991.764 146 149 155
159.331 -114.344 991.754 150 151 156
159.331 -113.844 991.743 149 150 155
159.331 -113.344 991.744 156 157 162
159.331 -112.844 991.750 157 158 163
159.331 -112.344 991.776 157 158 163
159.331 -111.844 991.802 162 163 168
159.331 -111.344 991.818 159 160 165
159.331 -110.844 991.819 153 153 161
159.331 -110.344 991.819 150 150 158
159.331 -109.844 991.825 146 146 154
159.331 -109.344 991.832 153 153 161
159.331 -108.844 991.830 157 157 165
159.331 -108.344 991.822 157 157 165
159.331 -107.844 991.820 154 157 162
159.331 -107.344 991.842 153 156 163
159.331 -106.844 991.831 159 162 170
159.331 -106.344 991.819 157 160 167
159.331 -105.844 991.799 151 154 163
159.331 -105.344 991.775 142 145 154
159.331 -104.844 991.691 133 136 145
159.331 -104.344 991.675 127 130 139
159.331 -103.844 991.681 135 139 148
159.331 -103.344 991.680 144 148 157
159.331 -102.844 991.689 163 170 178
159.331 -102.344 991.709 140 147 155
159.831 -125.344 991.826 143 146 153
159.831 -124.844 991.849 144 147 156
159.831 -124.344 991.862 143 146 155
159.831 -123.844 991.837 141 144 153
159.831 -123.344 991.821 137 140 149
159.831 -122.844 991.806 134 137 146
159.831 -122.344 991.795 134 137 146
159.831 -121.844 991.816 135 138 147
159.831 -121.344 991.860 135 138 147
159.831 -120.844 991.894 136 139 148
159.831 -120.344 991.885 138 141 150
159.831 -119.844 991.843 140 143 152
159.831 -119.344 991.866 140 143 152
159.831 -118.844 991.878 140 143 152
159.831 -118.344 991.878 137 140 149
159.831 -117.844 991.864 135 138 147
159.831 -117.344 991.838 134 137 146
159.831 -116.844 991.810 134 137 145
159.831 -116.344 991.782 133 136 143
159.831 -115.844 991.765 134 137 144
159.831 -115.344 991.769 136 139 146
159.831 -114.844 991.765 144 147 152
159.831 -114.344 991.757 147 149 154
159.831 -113.844 991.747 147 148 153
159.831 -113.344 991.747 153 154 159
159.831 -112.844 991.755 154 155 160
159.831 -112.344 991.773 157 158 163
159.831 -111.844 991.780 161 162 167
159.831 -111.344 991.791 162 163 168
159.831 -110.844 991.802 161 161 170
159.831 -110.344 991.809 161 161 170
159.831 -109.844 991.821 158 158 166
159.831 -109.344 991.834 155 155 163
159.831 -108.844 991.846 160 160 168
159.831 -108.344 991.843 162 162 171
159.831 -107.844 991.847 155 158 163
159.831 -107.344 991.882 149 152 157
159.831 -106.844 991.892 152 155 162
159.831 -106.344 991.880 154 157 164
159.831 -105.844 991.829 148 151 158
159.831 -105.344 991.775 139 142 151
159.831 -104.844 991.691 134 137 146
159.831 -104.344 991.670 131 134 143
159.831 -103.844 991.677 162 167 175
159.831 -103.344 991.677 142 146 155
159.831 -102.844 991.678 159 167 174
159.831 -102.344 991.703 138 147 154
160.331 -125.344 991.840 143 145 153
160.331 -124.844 991.868 145 148 157
160.331 -124.344 991.878 142 145 154
160.331 -123.844 991.862 139 142 151
160.331 -123.344 991.822 137 139 149
160.331 -122.844 991.797 136 139 148
160.331 -122.344 991.781 135 138 147
160.331 -121.844 991.789 135 138 147
160.331 -121.344 991.814 136 138 147
160.331 -120.844 991.834 136 139 148
160.331 -120.344 991.825 140 143 152
160.331 -119.844 991.794 143 146 155
160.331 -119.344 991.814 141 144 152
160.331 -118.844 991.848 139 142 151
160.331 -118.344 991.856 139 142 150
160.331 -117.844 991.851 135 138 147
160.331 -117.344 991.831 135 139 145
160.331 -116.844 991.806 137 140 147
160.331 -116.344 991.796 140 143 150
160.331 -115.844 991.786 144 147 154
160.331 -115.344 991.779 147 150 155
160.331 -114.844 991.770 151 154 159
160.331 -114.344 991.773 148 151 156
160.331 -113.844 991.776 150 151 157
160.331 -113.344 991.781 151 152 158
160.331 -112.844 991.785 153 154 159
160.331 -112.344 991.789 154 155 160
160.331 -111.844 991.777 161 162 167
160.331 -111.344 991.780 162 163 168
160.331 -110.844 991.796 161 162 167
160.331 -110.344 991.800 162 163 168
160.331 -109.844 991.812 167 168 172
160.331 -109.344 991.824 162 163 168
160.331 -108.844 991.840 161 161 166
160.331 -108.344 991.850 163 163 170
160.331 -107.844 991.879 160 162 167
160.331 -107.344 991.958 157 160 165
160.331 -106.844 991.981 156 159 165
160.331 -106.344 991.949 153 156 163
160.331 -105.844 991.869 149 152 159
160.331 -105.344 991.784 139 142 149
160.331 -104.844 991.705 135 138 146
160.331 -104.344 991.683 136 139 148
160.331 -103.844 991.679 130 134 143
160.331 -103.344 991.674 134 138 147
160.331 -102.844 991.685 129 135 143
160.331 -102.344 991.729 127 134 142
160.831 -125.344 991.877 148 148 156
160.831 -124.844 991.899 145 148 156
160.831 -124.344 991.909 144 147 156
160.831 -123.844 991.886 143 143 153
160.831 -123.344 991.833 139 139 149
160.831 -122.844 991.811 137 137 147
160.831 -122.344 991.784 138 138 148
160.831 -121.844 991.769 137 137 147
160.831 -121.344 991.797 137 137 147
160.831 -120.844 991.799 137 138 147
160.831 -120.344 991.792 137 141 148
160.831 -119.844 991.778 139 143 149
160.831 -119.344 991.781 139 142 149
160.831 -118.844 991.812 135 139 146
160.831 -118.344 991.822 136 140 147
160.831 -117.844 991.829 137 141 147
160.831 -117.344 991.834 135 140 146
160.831 -116.844 991.825 139 144 150
160.831 -116.344 991.819 147 152 158
160.831 -115.844 991.804 158 163 170
160.831 -115.344 991.790 179 184 190
160.831 -114.844 991.785 189 194 200
160.831 -114.344 991.803 155 158 165
160.831 -113.844 991.824 150 153 160
160.831 -113.344 991.836 151 152 160
160.831 -112.844 991.828 150 151 157
160.831 -112.344 991.812 146 147 152
160.831 -111.844 991.793 156 156 162
160.831 -111.344 991.785 160 160 166
160.831 -110.844 991.796 161 161 166
160.831 -110.344 991.805 164 164 171
160.831 -109.844 991.818 168 168 173
160.831 -109.344 991.827 170 170 175
160.831 -108.844 991.842 163 163 170
160.831 -108.344 991.855 163 163 168
160.831 -107.844 991.900 164 164 171
160.831 -107.344 991.982 167 167 171
160.831 -106.844 992.033 161 162 168
160.831 -106.344 992.021 151 153 160
160.831 -105.844 991.922 145 148 155
160.831 -105.344 991.790 139 142 151
160.831 -104.844 991.710 136 139 148
160.831 -104.344 991.682 134 137 146
160.831 -103.844 991.666 134 137 146
160.831 -103.344 991.663 132 135 144
160.831 -102.844 991.695 132 135 144
160.831 -102.344 991.758 133 137 146
161.331 -125.344 991.913 152 152 160
161.331 -124.844 991.936 146 149 156
161.331 -124.344 991.927 145 148 155
161.331 -123.844 991.894 144 144 154
161.331 -123.344 991.837 142 142 152
161.331 -122.844 991.810 138 138 148
161.331 -122.344 991.788 138 138 148
161.331 -121.844 991.780 137 137 147
161.331 -121.344 991.799 137 137 147
161.331 -120.844 991.803 137 138 147
161.331 -120.344 991.793 135 138 147
161.331 -119.844 991.791 135 138 147
161.331 -119.344 991.784 136 139 148
161.331 -118.844 991.795 136 139 148
161.331 -118.344 991.792 136 139 148
161.331 -117.844 991.804 148 151 160
161.331 -117.344 991.834 171 179 184
161.331 -116.844 991.837 203 210 216
161.331 -116.344 991.840 208 215 221
161.331 -115.844 991.827 209 216 222
161.331 -115.344 991.818 202 209 215
161.331 -114.844 991.820 190 197 204
161.331 -114.344 991.834 154 158 167
161.331 -113.844 991.852 148 151 160
161.331 -113.344 991.867 150 153 162
161.331 -112.844 991.863 148 151 158
161.331 -112.344 991.842 149 150 158
161.331 -111.844 991.822 153 153 161
161.331 -111.344 991.810 160 161 166
161.331 -110.844 991.810 160 160 168
161.331 -110.344 991.821 160 160 168
161.331 -109.844 991.837 162 162 171
161.331 -109.344 991.846 155 155 163
161.331 -108.844 991.852 151 151 159
161.331 -108.344 991.865 157 157 165
161.331 -107.844 991.927 159 160 165
161.331 -107.344 992.011 155 156 161
161.331 -106.844 992.048 153 154 160
161.331 -106.344 992.052 147 149 157
161.331 -105.844 991.966 143 146 153
161.331 -105.344 991.793 140 143 150
161.331 -104.844 991.709 138 141 148
161.331 -104.344 991.668 136 139 146
161.331 -103.844 991.643 134 137 144
161.331 -103.344 991.640 142 145 152
161.331 -102.844 991.670 138 141 148
161.331 -102.344 991.740 135 138 145
161.831 -125.344 991.939 153 153 161
161.831 -124.844 991.938 147 150 157
161.831 -124.344 991.935 144 147 154
161.831 -123.844 991.886 143 143 153
161.831 -123.344 991.842 142 142 152
161.831 -122.844 991.825 140 140 150
161.831 -122.344 991.808 139 139 149
161.831 -121.844 991.808 137 137 147
161.831 -121.344 991.810 137 137 147
161.831 -120.844 991.818 135 137 146
161.831 -120.344 991.818 134 137 146
161.831 -119.844 991.827 136 139 148
161.831 -119.344 991.817 136 139 148
161.831 -118.844 991.805 136 139 148
161.831 -118.344 991.794 138 141 150
161.831 -117.844 991.805 161 164 173
161.831 -117.344 991.838 151 158 166
161.831 -116.844 991.852 150 157 165
161.831 -116.344 991.857 148 155 163
161.831 -115.844 991.855 147 154 162
161.831 -115.344 991.855 146 153 161
161.831 -114.844 991.859 147 154 162
161.831 -114.344 991.864 148 152 161
161.831 -113.844 991.883 146 150 159
161.831 -113.344 991.903 148 151 160
161.831 -112.844 991.901 151 154 161
161.831 -112.344 991.877 150 153 160
161.831 -111.844 991.854 153 153 161
161.831 -111.344 991.844 157 157 165
161.831 -110.844 991.838 156 156 164
161.831 -110.344 991.840 154 154 162
161.831 -109.844 991.858 154 154 162
161.831 -109.344 991.871 145 145 153
161.831 -108.844 991.867 141 141 149
161.831 -108.344 991.870 145 145 153
161.831 -107.844 991.908 145 146 151
161.831 -107.344 991.972 145 146 151
161.831 -106.844 992.011 149 150 155
161.831 -106.344 992.010 147 148 153
161.831 -105.844 991.948 143 144 149
161.831 -105.344 991.799 142 143 148
161.831 -104.844 991.684 138 140 145
161.831 -104.344 991.570 134 137 142
161.831 -103.844 991.518 148 149 154
161.831 -103.344 991.534 160 161 166
161.831 -102.844 991.533 155 156 161
161.831 -102.344 991.613 160 161 166
162.331 -125.344 991.949 153 154 159
162.331 -124.844 991.937 153 156 163
162.331 -124.344 991.937 148 151 158
162.331 -123.844 991.910 144 144 152
162.331 -123.344 991.895 143 143 151
162.331 -122.844 991.865 140 140 148
162.331 -122.344 991.841 139 139 147
162.331 -121.844 991.841 139 139 147
162.331 -121.344 991.843 140 140 148
162.331 -120.844 991.849 137 138 147
162.331 -120.344 991.857 135 138 147
162.331 -119.844 991.864 136 138 147
162.331 -119.344 991.852 137 139 149
162.331 -118.844 991.826 137 139 149
162.331 -118.344 991.808 138 140 149
162.331 -117.844 991.815 138 140 150
162.331 -117.344 991.836 136 141 147
162.331 -116.844 991.855 139 144 150
162.331 -116.344 991.859 143 147 153
162.331 -115.844 991.862 144 149 155
162.331 -115.344 991.865 146 150 156
162.331 -114.844 991.878 148 153 159
162.331 -114.344 991.899 153 156 165
162.331 -113.844 991.921 145 148 157
162.331 -113.344 991.938 143 146 153
162.331 -112.844 991.931 145 148 155
162.331 -112.344 991.909 149 149 157
162.331 -111.844 991.892 150 151 156
162.331 -111.344 991.876 150 150 156
162.331 -110.844 991.853 147 148 153
162.331 -110.344 991.841 142 142 147
162.331 -109.844 991.845 139 140 145
162.331 -109.344 991.860 138 138 143
162.331 -108.844 991.849 138 139 144
162.331 -108.344 991.833 141 142 147
162.331 -107.844 991.838 144 145 149
162.331 -107.344 991.893 144 144 148
162.331 -106.844 991.945 169 168 173
162.331 -106.344 991.923 154 153 158
162.331 -105.844 991.811 145 145 148
162.331 -105.344 991.688 151 150 153
162.331 -104.844 991.518 150 150 152
162.331 -104.344 991.166 153 154 156
162.331 -103.844 991.034 160 160 162
162.331 -103.344 991.098 173 173 173
162.331 -102.844 991.041 181 179 180
162.331 -102.344 991.127 179 179 176
162.831 -125.344 991.961 149 150 155
162.831 -124.844 991.946 152 155 161
162.831 -124.344 991.954 152 155 161
162.831 -123.844 991.962 154 154 162
162.831 -123.344 991.971 149 149 157
162.831 -122.844 991.929 147 147 155
162.831 -122.344 991.908 150 150 158
162.831 -121.844 991.908 147 147 155
162.831 -121.344 991.920 144 144 152
162.831 -120.844 991.923 141 141 149
162.831 -120.344 991.925 138 138 147
162.831 -119.844 991.939 137 137 146
162.831 -119.344 991.927 138 138 147
162.831 -118.844 991.880 140 140 148
162.831 -118.344 991.840 140 140 148
162.831 -117.844 991.837 140 140 148
162.831 -117.344 991.833 142 144 150
162.831 -116.844 991.851 144 146 152
162.831 -116.344 991.856 147 148 154
162.831 -115.844 991.866 146 148 154
162.831 -115.344 991.875 146 148 153
162.831 -114.844 991.893 146 148 154
162.831 -114.344 991.924 146 148 154
162.831 -113.844 991.932 142 144 150
162.831 -113.344 991.924 143 144 150
162.831 -112.844 991.890 143 143 148
162.831 -112.344 991.858 145 144 149
162.831 -111.844 991.841 145 144 150
162.831 -111.344 991.779 147 146 151
162.831 -110.844 991.707 146 145 149
162.831 -110.344 991.726 142 140 144
162.831 -109.844 991.745 139 138 142
162.831 -109.344 991.713 141 139 143
162.831 -108.844 991.655 145 144 148
162.831 -108.344 991.604 149 148 152
162.831 -107.844 991.577 157 156 158
162.831 -107.344 991.210 172 171 173
162.831 -106.844 991.024 179 175 177
162.831 -106.344 990.943 185 183 183
162.831 -105.844 990.742 179 176 176
162.831 -105.344 990.470 174 170 170
162.831 -104.844 990.250 168 166 163
162.831 -104.344 989.461 171 169 167
162.831 -103.844 989.288 177 173 171
162.831 -103.344 989.371 162 158 154
162.831 -102.844 989.318 183 175 172
162.831 -102.344 989.385 186 179 174
163.331 -125.344 991.988 148 149 154
163.331 -124.844 991.978 152 155 160
163.331 -124.344 991.979 153 156 161
163.331 -123.844 992.003 156 156 164
163.331 -123.344 992.021 153 153 161
163.331 -122.844 991.989 152 152 160
163.331 -122.344 991.980 151 151 159
163.331 -121.844 991.984 147 147 155
163.331 -121.344 992.009 145 145 153
163.331 -120.844 992.010 142 142 150
163.331 -120.344 992.022 141 141 149
163.331 -119.844 992.047 140 140 148
163.331 -119.344 992.026 140 140 148
163.331 -118.844 991.944 140 140 148
163.331 -118.344 991.867 139 139 147
163.331 -117.844 991.839 139 139 147
163.331 -117.344 991.811 147 146 151
163.331 -116.844 991.806 150 149 154
163.331 -116.344 991.794 149 148 153
163.331 -115.844 991.792 147 146 151
163.331 -115.344 991.841 145 144 149
163.331 -114.844 991.873 146 145 150
163.331 -114.344 991.879 145 144 150
163.331 -113.844 991.867 143 142 147
163.331 -113.344 991.833 145 144 149
163.331 -112.844 991.721 147 145 150
163.331 -112.344 991.549 152 150 153
163.331 -111.844 991.426 157 155 158
163.331 -111.344 990.964 166 163 166
163.331 -110.844 990.542 164 162 163
163.331 -110.344 990.666 173 171 172
163.331 -109.844 990.753 174 172 173
163.331 -109.344 990.649 176 174 174
163.331 -108.844 990.536 173 171 172
163.331 -108.344 990.469 171 169 171
163.331 -107.844 990.186 163 159 159
163.331 -107.344 987.786 189 185 184
163.331 -106.844 986.474 185 180 180
163.331 -106.344 986.268 193 188 185
163.331 -105.844 985.987 154 149 146
163.331 -105.344 985.592 168 159 156
163.831 -125.344 992.016 148 147 155
163.831 -124.844 992.016 150 149 156
163.831 -124.344 991.999 153 152 158
163.831 -123.844 992.025 152 151 158
163.831 -123.344 992.034 151 150 158
163.831 -122.844 992.023 149 148 155
163.831 -122.344 992.017 146 145 151
163.831 -121.844 992.017 146 145 151
163.831 -121.344 992.035 145 144 150
163.831 -120.844 992.038 142 143 148
163.831 -120.344 992.050 136 139 144
163.831 -119.844 992.049 140 142 147
163.831 -119.344 992.043 139 140 145
163.831 -118.844 991.969 139 140 145
163.831 -118.344 991.830 138 139 145
163.831 -117.844 991.709 141 140 147
163.831 -117.344 991.614 161 160 165
163.831 -116.844 991.581 179 179 181
163.831 -116.344 991.541 161 160 164
163.831 -115.844 991.481 158 157 159
163.831 -115.344 991.311 158 156 158
163.831 -114.844 990.937 168 166 167
163.831 -114.344 990.828 175 174 176
163.831 -113.844 990.702 179 179 178
163.831 -113.344 990.631 179 179 178
163.831 -112.844 990.481 176 174 174
163.831 -112.344 990.000 163 159 159
163.831 -111.844 989.410 177 173 172
163.831 -111.344 987.865 183 179 176
163.831 -110.844 986.547 174 171 171
163.831 -110.344 986.248 166 161 159
163.831 -109.844 986.023 167 162 160
163.831 -109.344 985.994 159 155 152
163.831 -108.844 985.974 168 161 159
163.831 -108.344 985.988 173 167 164
163.831 -107.844 985.509 152 145 141
164.331 -125.344 992.008 144 143 149
164.331 -124.844 992.008 150 149 155
164.331 -124.344 992.023 148 147 152
164.331 -123.844 992.039 148 147 152
164.331 -123.344 992.029 147 146 152
164.331 -122.844 992.013 146 145 151
164.331 -122.344 992.041 143 142 148
164.331 -121.844 992.014 145 144 148
164.331 -121.344 991.919 144 143 147
164.331 -120.844 991.911 142 141 146
164.331 -120.344 991.885 143 144 146
164.331 -119.844 991.923 142 142 144
164.331 -119.344 991.695 144 144 146
164.331 -118.844 990.973 155 155 157
164.331 -118.344 990.737 151 149 152
164.331 -117.844 990.641 163 159 163
164.331 -117.344 990.431 184 180 181
164.331 -116.844 990.146 177 173 172
164.331 -116.344 990.099 188 184 183
164.331 -115.844 990.024 167 162 159
164.331 -115.344 988.675 154 149 146
164.331 -114.844 986.163 171 167 163
164.331 -114.344 985.733 179 173 170
164.331 -113.844 985.498 168 163 159
164.831 -125.344 991.567 145 144 148
164.831 -124.844 991.000 144 143 147
164.831 -124.344 991.025 150 149 151
164.831 -123.844 991.043 156 152 155
164.831 -123.344 990.953 154 150 154
164.831 -122.844 990.942 159 155 159
164.831 -122.344 990.991 166 162 164
164.831 -121.844 990.877 170 168 170
164.831 -121.344 990.407 177 174 175
164.831 -120.844 990.358 154 150 151
164.831 -120.344 990.381 167 161 161
164.831 -119.844 990.682 192 187 185
164.831 -119.344 989.523 186 180 177
164.831 -118.844 986.132 174 168 163
164.831 -118.344 986.061 161 155 149
164.831 -117.844 986.966 171 163 157
164.831 -117.344 986.467 174 164 161
165.331 -125.344 989.012 152 148 147
165.331 -124.844 986.229 157 153 151
165.331 -124.344 986.094 166 161 158
165.331 -123.844 986.101 173 168 166
165.331 -123.344 985.934 160 154 154
165.331 -122.844 985.879 164 159 156
165.331 -122.344 985.746 168 162 159
165.331 -121.844 985.539 164 159 156
149.331 -81.344 985.840 119 121 140
149.331 -80.844 985.934 116 117 133
149.331 -80.344 985.840 125 127 140
149.831 -86.344 987.522 122 136 163
149.831 -85.844 987.410 132 145 170
149.831 -85.344 987.347 134 148 165
149.831 -84.844 986.991 147 158 173
149.831 -84.344 986.943 158 167 178
149.831 -83.844 987.153 143 149 161
149.831 -83.344 987.109 140 145 158
149.831 -82.844 987.084 133 138 149
149.831 -82.344 987.157 126 132 147
149.831 -81.844 987.444 136 142 158
149.831 -81.344 987.847 132 136 151
149.831 -80.844 988.404 132 135 148
149.831 -80.344 988.606 144 145 157
149.831 -79.844 987.891 142 143 153
149.831 -79.344 986.599 126 126 136
150.331 -89.844 988.706 116 126 151
150.331 -89.344 988.682 115 125 147
150.331 -88.844 988.643 111 121 142
150.331 -88.344 988.841 125 133 154
150.331 -87.844 989.288 130 140 158
150.331 -87.344 989.237 137 145 162
150.331 -86.844 988.867 138 145 162
150.331 -86.344 988.871 140 147 162
150.331 -85.844 988.881 142 148 161
150.331 -85.344 989.067 144 148 159
150.331 -84.844 988.817 145 148 157
150.331 -84.344 989.321 142 142 150
150.331 -83.844 990.138 147 147 155
150.331 -83.344 990.291 139 142 151
150.331 -82.844 990.368 132 136 145
150.331 -82.344 990.342 150 155 167
150.331 -81.844 990.371 151 155 167
150.331 -81.344 990.453 144 148 160
150.331 -80.844 990.753 152 156 166
150.331 -80.344 990.622 168 171 180
150.331 -79.844 989.847 171 174 181
150.331 -79.344 988.444 153 156 163
150.331 -78.844 985.661 126 126 136
150.831 -92.844 989.187 112 124 150
150.831 -92.344 989.159 117 124 149
150.831 -91.844 989.113 121 128 149
150.831 -91.344 989.246 125 131 150
150.831 -90.844 989.623 126 131 149
150.831 -90.344 989.570 130 134 149
150.831 -89.844 989.385 130 134 148
150.831 -89.344 989.315 131 133 147
150.831 -88.844 989.397 134 136 149
150.831 -88.344 989.988 136 139 151
150.831 -87.844 990.740 136 139 151
150.831 -87.344 990.853 140 143 155
150.831 -86.844 990.684 145 149 159
150.831 -86.344 990.684 146 152 161
150.831 -85.844 990.687 146 150 160
150.831 -85.344 990.758 147 147 156
150.831 -84.844 990.818 157 157 165
150.831 -84.344 991.108 168 168 175
150.831 -83.844 991.397 177 177 186
150.831 -83.344 991.540 184 184 193
150.831 -82.844 991.618 184 187 196
150.831 -82.344 991.606 185 186 192
150.831 -81.844 991.529 186 186 191
150.831 -81.344 991.513 183 183 187
150.831 -80.844 991.573 184 184 187
150.831 -80.344 991.516 184 183 187
150.831 -79.844 991.222 184 184 188
150.831 -79.344 990.086 155 154 159
150.831 -78.844 986.077 124 124 135
151.331 -95.344 989.558 116 127 149
151.331 -94.844 989.557 118 127 146
151.331 -94.344 989.542 119 127 145
151.331 -93.844 989.571 120 127 145
151.331 -93.344 989.643 125 131 146
151.331 -92.844 989.915 125 128 143
151.331 -92.344 989.947 132 135 147
151.331 -91.844 989.895 136 138 150
151.331 -91.344 990.084 137 139 151
151.331 -90.844 990.525 138 140 152
151.331 -90.344 990.553 142 145 154
151.331 -89.844 990.437 150 153 162
151.331 -89.344 990.317 148 151 160
151.331 -88.844 990.471 152 155 165
151.331 -88.344 990.939 162 164 176
151.331 -87.844 991.281 167 169 179
151.331 -87.344 991.324 169 172 181
151.331 -86.844 991.299 174 177 184
151.331 -86.344 991.309 177 180 186
151.331 -85.844 991.369 181 184 189
151.331 -85.344 991.460 185 186 191
151.331 -84.844 991.511 185 186 191
151.331 -84.344 991.623 184 184 189
151.331 -83.844 991.713 184 184 189
151.331 -83.344 991.758 180 181 185
151.331 -82.844 991.775 181 183 186
151.331 -82.344 991.778 183 181 186
151.331 -81.844 991.749 181 180 185
151.331 -81.344 991.779 181 180 185
151.331 -80.844 991.816 179 177 182
151.331 -80.344 991.816 177 176 181
151.331 -79.844 991.776 184 183 187
151.331 -79.344 991.387 195 194 200
151.331 -78.844 987.160 135 135 143
151.831 -93.844 990.380 134 137 148
151.831 -93.344 990.454 139 139 149
151.831 -92.844 990.690 144 144 151
151.831 -92.344 990.821 150 149 156
151.831 -91.844 990.891 152 154 163
151.831 -91.344 991.034 160 163 171
151.831 -90.844 991.177 168 171 179
151.831 -90.344 991.273 175 179 185
151.831 -89.844 991.269 179 183 189
151.831 -89.344 991.234 179 183 189
151.831 -88.844 991.320 183 184 192
151.831 -88.344 991.497 184 184 193
151.831 -87.844 991.523 179 179 188
151.831 -87.344 991.491 177 179 184
151.831 -86.844 991.487 176 177 182
151.831 -86.344 991.518 176 177 182
151.831 -85.844 991.583 177 179 182
151.831 -85.344 991.640 179 179 184
151.831 -84.844 991.665 181 183 186
151.831 -84.344 991.711 184 185 189
151.831 -83.844 991.750 181 183 186
151.831 -83.344 991.775 184 184 188
151.831 -82.844 991.796 184 184 186
151.831 -82.344 991.806 181 181 185
151.831 -81.844 991.812 183 181 186
151.831 -81.344 991.830 181 180 185
151.831 -80.844 991.845 183 181 186
151.831 -80.344 991.848 184 183 187
151.831 -79.844 991.889 188 187 192
151.831 -79.344 991.817 211 210 215
151.831 -78.844 990.263 143 143 151
152.331 -97.844 990.980 132 136 145
152.331 -97.344 991.070 138 142 151
152.331 -96.844 991.060 141 144 153
152.331 -96.344 990.929 145 147 159
152.331 -95.844 990.761 147 147 159
152.331 -95.344 990.939 147 149 161
152.331 -94.844 990.998 146 149 158
152.331 -94.344 991.011 156 160 167
152.331 -93.844 991.127 169 171 178
152.331 -93.344 991.210 173 174 179
152.331 -92.844 991.254 174 173 178
152.331 -92.344 991.297 176 175 180
152.331 -91.844 991.360 179 180 185
152.331 -91.344 991.413 179 183 187
152.331 -90.844 991.445 183 185 190
152.331 -90.344 991.483 183 184 189
152.331 -89.844 991.556 179 181 186
152.331 -89.344 991.607 179 180 185
152.331 -88.844 991.619 175 175 180
152.331 -88.344 991.643 175 174 180
152.331 -87.844 991.635 177 176 182
152.331 -87.344 991.615 171 170 176
152.331 -86.844 991.610 176 175 180
152.331 -86.344 991.639 179 179 183
152.331 -85.844 991.666 179 179 182
152.331 -85.344 991.698 179 180 184
152.331 -84.844 991.725 179 179 183
152.331 -84.344 991.744 179 180 183
152.331 -83.844 991.757 183 184 185
152.331 -83.344 991.769 183 184 185
152.331 -82.844 991.781 184 184 186
152.331 -82.344 991.792 183 183 184
152.331 -81.844 991.812 183 181 186
152.331 -81.344 991.818 180 179 183
152.331 -80.844 991.828 181 180 185
152.331 -80.344 991.807 189 188 193
152.331 -79.844 991.881 187 186 191
152.331 -79.344 991.931 204 203 208
152.331 -78.844 991.375 154 153 159
152.831 -101.344 991.346 128 130 144
152.831 -100.844 991.408 134 136 150
152.831 -100.344 991.382 143 145 158
152.831 -99.844 991.419 152 154 166
152.831 -99.344 991.450 157 159 171
152.831 -98.844 991.431 163 166 177
152.831 -98.344 991.430 174 177 185
152.831 -97.844 991.449 172 175 182
152.831 -97.344 991.487 168 170 177
152.831 -96.844 991.479 168 170 178
152.831 -96.344 991.390 166 168 177
152.831 -95.844 991.382 159 162 171
152.831 -95.344 991.423 155 158 167
152.831 -94.844 991.435 154 158 167
152.831 -94.344 991.416 158 162 171
152.831 -93.844 991.442 163 167 173
152.831 -93.344 991.483 163 167 173
152.831 -92.844 991.503 171 173 179
152.831 -92.344 991.524 177 179 183
152.831 -91.844 991.532 179 179 183
152.831 -91.344 991.535 183 184 186
152.831 -90.844 991.551 186 187 191
152.831 -90.344 991.571 186 187 191
152.831 -89.844 991.622 183 184 187
152.831 -89.344 991.665 179 180 184
152.831 -88.844 991.670 175 175 179
152.831 -88.344 991.683 175 174 179
152.831 -87.844 991.685 173 172 177
152.831 -87.344 991.688 174 173 178
152.831 -86.844 991.690 179 177 182
152.831 -86.344 991.691 180 179 183
152.831 -85.844 991.692 181 180 184
152.831 -85.344 991.711 181 180 185
152.831 -84.844 991.737 183 183 186
152.831 -84.344 991.755 183 184 185
152.831 -83.844 991.764 184 184 186
152.831 -83.344 991.776 187 187 189
152.831 -82.844 991.787 186 187 187
152.831 -82.344 991.796 184 184 185
152.831 -81.844 991.809 181 181 183
152.831 -81.344 991.791 181 181 183
152.831 -80.844 991.793 179 179 180
152.831 -80.344 991.788 177 177 179
152.831 -79.844 991.816 184 184 185
152.831 -79.344 991.903 198 198 200
152.831 -78.844 991.217 179 179 183
153.331 -101.844 991.602 164 167 178
153.331 -101.344 991.617 167 170 182
153.331 -100.844 991.640 167 170 181
153.331 -100.344 991.638 163 168 178
153.331 -99.844 991.704 158 162 173
153.331 -99.344 991.715 155 159 168
153.331 -98.844 991.653 158 161 171
153.331 -98.344 991.649 161 164 171
153.331 -97.844 991.682 159 162 170
153.331 -97.344 991.687 159 162 170
153.331 -96.844 991.670 160 163 171
153.331 -96.344 991.591 157 160 167
153.331 -95.844 991.592 154 157 164
153.331 -95.344 991.621 154 157 164
153.331 -94.844 991.629 158 161 168
153.331 -94.344 991.639 160 163 170
153.331 -93.844 991.610 161 161 168
153.331 -93.344 991.586 163 164 170
153.331 -92.844 991.580 172 173 178
153.331 -92.344 991.577 175 176 181
153.331 -91.844 991.582 175 176 179
153.331 -91.344 991.590 183 184 185
153.331 -90.844 991.611 188 189 192
153.331 -90.344 991.648 188 189 193
153.331 -89.844 991.693 184 185 189
153.331 -89.344 991.707 176 177 182
153.331 -88.844 991.688 172 173 178
153.331 -88.344 991.689 173 174 178
153.331 -87.844 991.700 174 175 179
153.331 -87.344 991.723 175 176 180
153.331 -86.844 991.730 176 177 181
153.331 -86.344 991.729 176 177 181
153.331 -85.844 991.725 177 179 182
153.331 -85.344 991.731 180 179 184
153.331 -84.844 991.742 185 184 189
153.331 -84.344 991.753 181 180 185
153.331 -83.844 991.760 179 179 183
153.331 -83.344 991.776 185 185 187
153.331 -82.844 991.791 186 186 188
153.331 -82.344 991.788 186 186 188
153.331 -81.844 991.788 179 179 180
153.331 -81.344 991.781 176 176 178
153.331 -80.844 991.788 173 173 175
153.331 -80.344 991.797 171 171 173
153.331 -79.844 991.811 181 181 183
153.331 -79.344 991.853 190 190 192
153.331 -78.844 991.552 192 190 194
153.831 -101.844 991.737 139 143 156
153.831 -101.344 991.786 137 141 152
153.831 -100.844 991.800 139 143 154
153.831 -100.344 991.801 142 146 157
153.831 -99.844 991.801 144 147 156
153.831 -99.344 991.800 142 145 154
153.831 -98.844 991.761 156 159 166
153.831 -98.344 991.748 166 167 173
153.831 -97.844 991.744 164 166 171
153.831 -97.344 991.743 166 167 171
153.831 -96.844 991.728 163 164 170
153.831 -96.344 991.694 159 160 165
153.831 -95.844 991.689 158 159 164
153.831 -95.344 991.684 158 159 164
153.831 -94.844 991.690 163 162 168
153.831 -94.344 991.682 167 166 171
153.831 -93.844 991.662 163 162 167
153.831 -93.344 991.630 162 161 166
153.831 -92.844 991.609 169 168 173
153.831 -92.344 991.604 176 174 179
153.831 -91.844 991.619 176 177 179
153.831 -91.344 991.634 184 184 186
153.831 -90.844 991.657 189 190 194
153.831 -90.344 991.692 188 189 193
153.831 -89.844 991.724 184 184 188
153.831 -89.344 991.725 174 175 179
153.831 -88.844 991.697 173 174 178
153.831 -88.344 991.690 176 177 181
153.831 -87.844 991.706 179 179 183
153.831 -87.344 991.734 177 179 182
153.831 -86.844 991.738 176 177 181
153.831 -86.344 991.748 176 177 182
153.831 -85.844 991.744 172 173 178
153.831 -85.344 991.730 177 176 182
153.831 -84.844 991.731 185 184 189
153.831 -84.344 991.735 184 184 188
153.831 -83.844 991.743 184 184 188
153.831 -83.344 991.768 185 184 189
153.831 -82.844 991.792 187 187 189
153.831 -82.344 991.801 189 189 191
153.831 -81.844 991.797 180 180 182
153.831 -81.344 991.792 171 171 173
153.831 -80.844 991.794 170 170 172
153.831 -80.344 991.812 173 173 175
153.831 -79.844 991.825 181 181 183
153.831 -79.344 991.850 185 185 187
153.831 -78.844 991.123 201 199 204
154.331 -101.844 991.776 134 138 149
154.331 -101.344 991.787 135 137 149
154.331 -100.844 991.800 137 139 151
154.331 -100.344 991.796 141 143 155
154.331 -99.844 991.804 141 143 155
154.331 -99.344 991.810 142 144 156
154.331 -98.844 991.790 150 152 164
154.331 -98.344 991.760 159 162 170
154.331 -97.844 991.755 159 162 170
154.331 -97.344 991.757 161 164 171
154.331 -96.844 991.745 167 167 174
154.331 -96.344 991.731 162 163 168
154.331 -95.844 991.726 156 157 162
154.331 -95.344 991.730 158 157 163
154.331 -94.844 991.730 158 159 164
154.331 -94.344 991.717 168 168 173
154.331 -93.844 991.679 168 169 173
154.331 -93.344 991.644 163 164 168
154.331 -92.844 991.638 170 171 175
154.331 -92.344 991.644 172 173 177
154.331 -91.844 991.658 175 176 178
154.331 -91.344 991.661 185 186 188
154.331 -90.844 991.682 187 188 190
154.331 -90.344 991.700 186 187 189
154.331 -89.844 991.713 180 181 183
154.331 -89.344 991.725 169 170 172
154.331 -88.844 991.710 173 174 177
154.331 -88.344 991.691 179 180 184
154.331 -87.844 991.700 179 180 184
154.331 -87.344 991.719 179 180 184
154.331 -86.844 991.724 175 176 180
154.331 -86.344 991.738 175 176 180
154.331 -85.844 991.737 175 176 180
154.331 -85.344 991.717 176 177 181
154.331 -84.844 991.710 184 184 188
154.331 -84.344 991.708 184 185 189
154.331 -83.844 991.725 183 184 187
154.331 -83.344 991.757 184 184 188
154.331 -82.844 991.775 185 186 190
154.331 -82.344 991.779 187 189 189
154.331 -81.844 991.783 179 179 181
154.331 -81.344 991.786 170 171 175
154.331 -80.844 991.793 171 170 175
154.331 -80.344 991.822 174 173 178
154.331 -79.844 991.848 177 177 179
154.331 -79.344 991.886 180 180 180
154.331 -78.844 991.485 205 205 205
154.831 -101.844 991.764 133 137 148
154.831 -101.344 991.727 135 137 149
154.831 -100.844 991.753 136 138 150
154.831 -100.344 991.741 139 141 153
154.831 -99.844 991.755 141 143 155
154.831 -99.344 991.787 140 142 154
154.831 -98.844 991.744 143 145 157
154.831 -98.344 991.747 149 152 160
154.831 -97.844 991.755 154 157 164
154.831 -97.344 991.766 158 161 168
154.831 -96.844 991.777 164 164 172
154.831 -96.344 991.749 162 162 168
154.831 -95.844 991.758 158 159 164
154.831 -95.344 991.754 166 164 171
154.831 -94.844 991.749 167 168 172
154.831 -94.344 991.723 171 172 177
154.831 -93.844 991.694 176 177 181
154.831 -93.344 991.674 175 176 180
154.831 -92.844 991.660 177 179 182
154.831 -92.344 991.665 168 169 173
154.831 -91.844 991.678 172 173 175
154.831 -91.344 991.692 186 187 189
154.831 -90.844 991.706 183 184 185
154.831 -90.344 991.708 179 180 182
154.831 -89.844 991.710 174 175 177
154.831 -89.344 991.705 171 172 174
154.831 -88.844 991.700 174 175 178
154.831 -88.344 991.688 177 179 182
154.831 -87.844 991.696 176 177 181
154.831 -87.344 991.708 175 176 180
154.831 -86.844 991.722 175 176 180
154.831 -86.344 991.727 175 176 180
154.831 -85.844 991.714 176 177 181
154.831 -85.344 991.690 177 179 182
154.831 -84.844 991.689 183 184 187
154.831 -84.344 991.696 183 184 187
154.831 -83.844 991.720 179 180 184
154.831 -83.344 991.746 183 184 187
154.831 -82.844 991.758 184 184 188
154.831 -82.344 991.762 179 180 183
154.831 -81.844 991.769 173 174 176
154.831 -81.344 991.784 170 171 175
154.831 -80.844 991.792 170 169 174
154.831 -80.344 991.820 169 168 173
154.831 -79.844 991.844 170 170 172
154.831 -79.344 991.941 176 176 177
154.831 -78.844 991.630 203 203 205
155.331 -101.844 991.736 132 136 147
155.331 -101.344 991.711 134 136 148
155.331 -100.844 991.710 134 136 148
155.331 -100.344 991.703 136 138 150
155.331 -99.844 991.702 138 140 152
155.331 -99.344 991.733 139 141 153
155.331 -98.844 991.699 140 142 154
155.331 -98.344 991.722 143 146 155
155.331 -97.844 991.755 146 149 156
155.331 -97.344 991.780 150 153 160
155.331 -96.844 991.781 152 152 160
155.331 -96.344 991.766 153 154 159
155.331 -95.844 991.795 152 153 158
155.331 -95.344 991.786 159 158 164
155.331 -94.844 991.775 162 163 168
155.331 -94.344 991.727 167 168 172
155.331 -93.844 991.716 174 175 179
155.331 -93.344 991.711 181 183 186
155.331 -92.844 991.690 180 181 185
155.331 -92.344 991.674 163 164 168
155.331 -91.844 991.698 166 167 171
155.331 -91.344 991.707 179 180 184
155.331 -90.844 991.705 181 183 186
155.331 -90.344 991.695 173 174 178
155.331 -89.844 991.694 171 172 176
155.331 -89.344 991.700 174 175 179
155.331 -88.844 991.706 174 175 179
155.331 -88.344 991.700 171 172 176
155.331 -87.844 991.698 169 170 174
155.331 -87.344 991.706 169 170 174
155.331 -86.844 991.719 172 173 177
155.331 -86.344 991.724 171 172 176
155.331 -85.844 991.726 173 174 178
155.331 -85.344 991.718 176 177 181
155.331 -84.844 991.708 179 179 183
155.331 -84.344 991.702 179 180 184
155.331 -83.844 991.722 177 179 182
155.331 -83.344 991.746 177 179 182
155.331 -82.844 991.747 179 180 184
155.331 -82.344 991.744 174 175 177
155.331 -81.844 991.750 169 170 172
155.331 -81.344 991.772 167 168 171
155.331 -80.844 991.784 161 160 166
155.331 -80.344 991.807 157 156 161
155.331 -79.844 991.837 160 160 162
155.331 -79.344 991.865 169 169 171
155.331 -78.844 991.756 190 188 192
155.831 -101.844 991.730 133 135 147
155.831 -101.344 991.700 132 134 146
155.831 -100.844 991.697 134 136 148
155.831 -100.344 991.672 134 136 148
155.831 -99.844 991.682 134 136 148
155.831 -99.344 991.711 134 136 148
155.831 -98.844 991.690 138 140 152
155.831 -98.344 991.719 142 145 153
155.831 -97.844 991.759 140 143 150
155.831 -97.344 991.778 144 147 154
155.831 -96.844 991.788 147 147 155
155.831 -96.344 991.803 145 146 151
155.831 -95.844 991.802 154 155 160
155.831 -95.344 991.796 156 155 161
155.831 -94.844 991.780 152 153 158
155.831 -94.344 991.755 159 160 165
155.831 -93.844 991.733 170 171 175
155.831 -93.344 991.729 183 184 187
155.831 -92.844 991.715 184 185 189
155.831 -92.344 991.702 164 166 170
155.831 -91.844 991.723 153 154 158
155.831 -91.344 991.715 169 170 174
155.831 -90.844 991.702 168 168 172
155.831 -90.344 991.686 160 161 165
155.831 -89.844 991.682 168 169 173
155.831 -89.344 991.690 179 180 184
155.831 -88.844 991.700 174 175 179
155.831 -88.344 991.706 170 171 175
155.831 -87.844 991.703 169 170 174
155.831 -87.344 991.702 168 169 173
155.831 -86.844 991.712 164 166 170
155.831 -86.344 991.720 168 169 173
155.831 -85.844 991.724 170 171 175
155.831 -85.344 991.732 170 171 175
155.831 -84.844 991.725 168 169 173
155.831 -84.344 991.704 171 172 176
155.831 -83.844 991.718 175 176 180
155.831 -83.344 991.743 176 177 181
155.831 -82.844 991.756 177 179 182
155.831 -82.344 991.754 172 173 175
155.831 -81.844 991.758 168 169 173
155.831 -81.344 991.773 167 168 171
155.831 -80.844 991.786 159 158 164
155.831 -80.344 991.800 156 155 160
155.831 -79.844 991.829 158 157 162
155.831 -79.344 991.855 166 166 167
155.831 -78.844 991.458 184 183 185
156.331 -101.844 991.738 133 135 147
156.331 -101.344 991.715 133 135 147
156.331 -100.844 991.708 134 136 148
156.331 -100.344 991.681 133 135 147
156.331 -99.844 991.677 133 135 147
156.331 -99.344 991.690 133 135 147
156.331 -98.844 991.690 136 138 150
156.331 -98.344 991.712 139 141 149
156.331 -97.844 991.752 141 144 151
156.331 -97.344 991.774 142 145 152
156.331 -96.844 991.793 145 145 153
156.331 -96.344 991.800 147 147 153
156.331 -95.844 991.797 155 156 161
156.331 -95.344 991.796 159 158 164
156.331 -94.844 991.784 158 159 164
156.331 -94.344 991.772 159 160 165
156.331 -93.844 991.756 168 169 173
156.331 -93.344 991.754 179 180 184
156.331 -92.844 991.754 188 189 193
156.331 -92.344 991.754 184 184 188
156.331 -91.844 991.752 163 164 168
156.331 -91.344 991.734 156 157 161
156.331 -90.844 991.703 156 157 161
156.331 -90.344 991.683 157 158 162
156.331 -89.844 991.673 168 169 173
156.331 -89.344 991.674 169 170 174
156.331 -88.844 991.672 168 169 173
156.331 -88.344 991.687 167 168 172
156.331 -87.844 991.696 168 169 174
156.331 -87.344 991.699 162 163 168
156.331 -86.844 991.712 157 158 163
156.331 -86.344 991.727 161 162 167
156.331 -85.844 991.737 168 168 173
156.331 -85.344 991.750 168 169 173
156.331 -84.844 991.733 167 168 171
156.331 -84.344 991.712 168 169 173
156.331 -83.844 991.713 173 174 178
156.331 -83.344 991.738 173 174 178
156.331 -82.844 991.766 174 175 179
156.331 -82.344 991.764 170 171 173
156.331 -81.844 991.763 168 169 173
156.331 -81.344 991.771 166 167 171
156.331 -80.844 991.781 161 160 166
156.331 -80.344 991.814 160 159 165
156.331 -79.844 991.846 164 163 168
156.331 -79.344 991.852 168 168 170
156.331 -78.844 991.424 188 185 187
156.831 -101.844 991.750 132 134 146
156.831 -101.344 991.723 132 134 146
156.831 -100.844 991.724 133 135 147
156.831 -100.344 991.696 133 135 147
156.831 -99.844 991.682 133 135 147
156.831 -99.344 991.689 133 135 147
156.831 -98.844 991.681 136 138 150
156.831 -98.344 991.697 138 141 149
156.831 -97.844 991.724 150 153 160
156.831 -97.344 991.758 150 153 160
156.831 -96.844 991.775 151 151 159
156.831 -96.344 991.784 155 156 161
156.831 -95.844 991.786 160 161 166
156.831 -95.344 991.798 164 163 170
156.831 -94.844 991.798 164 166 171
156.831 -94.344 991.789 164 166 171
156.831 -93.844 991.773 171 172 176
156.831 -93.344 991.773 177 179 182
156.831 -92.844 991.780 180 181 185
156.831 -92.344 991.781 184 185 189
156.831 -91.844 991.773 171 172 176
156.831 -91.344 991.748 152 153 158
156.831 -90.844 991.719 155 156 160
156.831 -90.344 991.693 161 162 167
156.831 -89.844 991.674 168 168 173
156.831 -89.344 991.655 162 163 167
156.831 -88.844 991.658 160 161 166
156.831 -88.344 991.670 163 164 170
156.831 -87.844 991.681 155 156 161
156.831 -87.344 991.697 152 153 158
156.831 -86.844 991.714 156 157 162
156.831 -86.344 991.725 158 159 164
156.831 -85.844 991.736 164 166 171
156.831 -85.344 991.746 168 169 173
156.831 -84.844 991.739 169 170 174
156.831 -84.344 991.733 170 171 175
156.831 -83.844 991.737 169 170 174
156.831 -83.344 991.761 169 170 174
156.831 -82.844 991.778 172 173 177
156.831 -82.344 991.778 168 169 173
156.831 -81.844 991.782 166 167 171
156.831 -81.344 991.786 160 161 166
156.831 -80.844 991.797 159 158 164
156.831 -80.344 991.816 161 160 166
156.831 -79.844 991.842 162 161 166
156.831 -79.344 991.823 163 162 164
156.831 -78.844 991.442 177 173 174
157.331 -101.844 991.743 132 134 146
157.331 -101.344 991.730 134 134 146
157.331 -100.844 991.748 135 135 147
157.331 -100.344 991.737 133 135 147
157.331 -99.844 991.707 133 135 147
157.331 -99.344 991.701 133 135 147
157.331 -98.844 991.684 135 137 149
157.331 -98.344 991.710 138 141 150
157.331 -97.844 991.721 153 156 163
157.331 -97.344 991.739 157 160 165
157.331 -96.844 991.753 157 158 163
157.331 -96.344 991.752 160 161 166
157.331 -95.844 991.762 162 163 167
157.331 -95.344 991.796 169 168 173
157.331 -94.844 991.799 168 169 173
157.331 -94.344 991.796 168 169 173
157.331 -93.844 991.799 174 175 179
157.331 -93.344 991.805 179 180 184
157.331 -92.844 991.825 177 179 182
157.331 -92.344 991.825 177 179 182
157.331 -91.844 991.805 174 175 179
157.331 -91.344 991.769 151 152 156
157.331 -90.844 991.746 156 157 161
157.331 -90.344 991.710 169 170 174
157.331 -89.844 991.662 168 168 173
157.331 -89.344 991.623 159 160 165
157.331 -88.844 991.624 157 158 163
157.331 -88.344 991.647 160 161 166
157.331 -87.844 991.679 157 158 163
157.331 -87.344 991.708 159 160 165
157.331 -86.844 991.725 167 168 172
157.331 -86.344 991.734 168 168 173
157.331 -85.844 991.744 168 168 173
157.331 -85.344 991.751 168 168 171
157.331 -84.844 991.739 168 168 171
157.331 -84.344 991.728 168 168 171
157.331 -83.844 991.744 169 170 172
157.331 -83.344 991.783 170 171 173
157.331 -82.844 991.800 168 168 171
157.331 -82.344 991.801 161 161 163
157.331 -81.844 991.807 161 160 165
157.331 -81.344 991.818 159 160 165
157.331 -80.844 991.837 158 158 165
157.331 -80.344 991.839 158 157 162
157.331 -79.844 991.871 163 158 160
157.331 -79.344 991.809 168 160 160
157.331 -78.844 991.566 175 171 171
157.831 -101.844 991.728 131 133 145
157.831 -101.344 991.722 131 133 145
157.831 -100.844 991.747 132 134 146
157.831 -100.344 991.742 132 134 146
157.831 -99.844 991.745 133 135 147
157.831 -99.344 991.738 133 135 147
157.831 -98.844 991.737 135 137 149
157.831 -98.344 991.718 136 139 147
157.831 -97.844 991.712 149 152 159
157.831 -97.344 991.711 155 158 163
157.831 -96.844 991.717 160 161 166
157.831 -96.344 991.707 164 166 171
157.831 -95.844 991.734 166 167 171
157.831 -95.344 991.780 170 169 174
157.831 -94.844 991.796 170 171 175
157.831 -94.344 991.806 168 169 173
157.831 -93.844 991.819 173 174 178
157.831 -93.344 991.823 180 181 185
157.831 -92.844 991.829 181 183 186
157.831 -92.344 991.839 173 174 178
157.831 -91.844 991.825 162 163 165
157.831 -91.344 991.787 154 155 157
157.831 -90.844 991.765 164 166 170
157.831 -90.344 991.707 173 174 178
157.831 -89.844 991.656 166 167 171
157.831 -89.344 991.622 156 157 162
157.831 -88.844 991.620 156 157 162
157.831 -88.344 991.637 161 162 167
157.831 -87.844 991.670 160 161 166
157.831 -87.344 991.702 168 169 174
157.831 -86.844 991.714 172 173 178
157.831 -86.344 991.724 168 168 173
157.831 -85.844 991.748 169 170 175
157.831 -85.344 991.753 168 169 173
157.831 -84.844 991.740 168 169 173
157.831 -84.344 991.752 171 172 176
157.831 -83.844 991.785 172 173 177
157.831 -83.344 991.808 172 173 177
157.831 -82.844 991.811 168 168 172
157.831 -82.344 991.815 163 163 165
157.831 -81.844 991.823 161 160 165
157.831 -81.344 991.829 157 158 163
157.831 -80.844 991.863 156 157 162
157.831 -80.344 991.856 163 161 165
157.831 -79.844 991.827 179 171 172
157.831 -79.344 991.669 188 180 178
157.831 -78.844 990.058 155 151 151
158.331 -101.844 991.718 129 133 144
158.331 -101.344 991.706 129 131 143
158.331 -100.844 991.740 130 132 144
158.331 -100.344 991.754 131 133 145
158.331 -99.844 991.771 132 134 146
158.331 -99.344 991.773 133 135 147
158.331 -98.844 991.765 134 136 148
158.331 -98.344 991.741 138 141 149
158.331 -97.844 991.721 151 154 161
158.331 -97.344 991.713 158 161 166
158.331 -96.844 991.707 162 163 168
158.331 -96.344 991.688 168 169 174
158.331 -95.844 991.711 168 168 172
158.331 -95.344 991.742 171 170 175
158.331 -94.844 991.773 171 172 176
158.331 -94.344 991.807 168 168 172
158.331 -93.844 991.825 170 171 175
158.331 -93.344 991.830 177 179 182
158.331 -92.844 991.837 181 183 186
158.331 -92.344 991.857 168 169 173
158.331 -91.844 991.825 158 159 161
158.331 -91.344 991.784 162 163 165
158.331 -90.844 991.758 168 169 173
158.331 -90.344 991.698 168 168 172
158.331 -89.844 991.659 161 162 166
158.331 -89.344 991.638 159 160 164
158.331 -88.844 991.640 160 161 165
158.331 -88.344 991.647 159 160 164
158.331 -87.844 991.671 161 162 166
158.331 -87.344 991.705 171 172 176
158.331 -86.844 991.702 168 169 173
158.331 -86.344 991.707 162 163 167
158.331 -85.844 991.726 171 172 176
158.331 -85.344 991.734 175 176 180
158.331 -84.844 991.742 174 175 179
158.331 -84.344 991.775 176 177 181
158.331 -83.844 991.804 174 175 179
158.331 -83.344 991.811 174 175 179
158.331 -82.844 991.808 170 171 175
158.331 -82.344 991.822 164 164 166
158.331 -81.844 991.837 162 162 164
158.331 -81.344 991.818 157 158 162
158.331 -80.844 991.812 155 155 160
158.331 -80.344 991.684 162 157 161
158.331 -79.844 991.543 186 180 180
158.331 -79.344 990.082 172 164 162
158.331 -78.844 985.666 149 145 146
158.831 -101.844 991.704 127 133 142
158.831 -101.344 991.711 128 132 142
158.831 -100.844 991.737 127 130 141
158.831 -100.344 991.786 130 133 143
158.831 -99.844 991.822 132 134 145
158.831 -99.344 991.827 132 135 145
158.831 -98.844 991.804 135 137 148
158.831 -98.344 991.792 142 145 152
158.831 -97.844 991.759 155 158 165
158.831 -97.344 991.733 160 163 168
158.831 -96.844 991.712 163 164 170
158.831 -96.344 991.695 174 175 180
158.831 -95.844 991.708 171 172 176
158.831 -95.344 991.748 174 173 178
158.831 -94.844 991.774 171 172 176
158.831 -94.344 991.812 163 164 168
158.831 -93.844 991.836 163 164 168
158.831 -93.344 991.838 171 172 176
158.831 -92.844 991.843 177 179 182
158.831 -92.344 991.861 168 168 172
158.831 -91.844 991.820 161 161 164
158.831 -91.344 991.774 166 166 170
158.831 -90.844 991.755 168 168 171
158.831 -90.344 991.711 167 167 170
158.831 -89.844 991.671 166 166 168
158.831 -89.344 991.679 162 163 166
158.831 -88.844 991.691 158 159 162
158.831 -88.344 991.694 161 161 164
158.831 -87.844 991.697 167 167 170
158.831 -87.344 991.692 166 166 168
158.831 -86.844 991.674 166 167 170
158.831 -86.344 991.671 177 177 180
158.831 -85.844 991.695 180 181 184
158.831 -85.344 991.719 179 179 182
158.831 -84.844 991.755 177 179 181
158.831 -84.344 991.788 177 179 180
158.831 -83.844 991.793 174 175 178
158.831 -83.344 991.782 172 173 176
158.831 -82.844 991.765 164 166 168
158.831 -82.344 991.792 157 156 156
158.831 -81.844 991.768 158 157 158
158.831 -81.344 991.622 161 160 161
158.831 -80.844 991.403 159 157 159
158.831 -80.344 989.830 168 163 164
158.831 -79.844 988.849 171 166 165
159.331 -101.844 991.720 134 142 150
159.331 -101.344 991.734 126 133 141
159.331 -100.844 991.765 127 133 141
159.331 -100.344 991.816 130 134 143
159.331 -99.844 991.860 131 134 143
159.331 -99.344 991.873 133 136 145
159.331 -98.844 991.866 136 138 147
159.331 -98.344 991.859 141 143 151
159.331 -97.844 991.824 153 156 163
159.331 -97.344 991.785 152 155 160
159.331 -96.844 991.737 168 168 173
159.331 -96.344 991.729 183 184 188
159.331 -95.844 991.738 179 179 183
159.331 -95.344 991.775 175 174 179
159.331 -94.844 991.786 175 176 181
159.331 -94.344 991.815 157 158 163
159.331 -93.844 991.833 153 154 159
159.331 -93.344 991.835 160 161 166
159.331 -92.844 991.844 167 168 172
159.331 -92.344 991.856 167 168 172
159.331 -91.844 991.808 167 166 171
159.331 -91.344 991.755 163 162 167
159.331 -90.844 991.728 174 174 176
159.331 -90.344 991.675 214 214 216
159.331 -89.844 991.663 225 225 227
159.331 -89.344 991.681 227 227 229
159.331 -88.844 991.691 207 207 209
159.331 -88.344 991.694 170 170 172
159.331 -87.844 991.691 167 167 168
159.331 -87.344 991.673 168 168 171
159.331 -86.844 991.645 171 171 173
159.331 -86.344 991.629 179 179 181
159.331 -85.844 991.648 180 180 181
159.331 -85.344 991.690 180 180 180
159.331 -84.844 991.559 179 179 178
159.331 -84.344 991.425 177 177 177
159.331 -83.844 991.366 177 177 177
159.331 -83.344 991.303 167 167 166
159.331 -82.844 991.280 162 162 162
159.331 -82.344 991.297 162 160 161
159.331 -81.844 991.145 168 168 165
159.331 -81.344 990.743 164 163 161
159.331 -80.844 989.180 161 157 156
159.831 -101.844 991.729 168 176 183
159.831 -101.344 991.741 186 193 201
159.831 -100.844 991.773 148 155 163
159.831 -100.344 991.834 130 134 143
159.831 -99.844 991.872 131 135 144
159.831 -99.344 991.896 132 135 144
159.831 -98.844 991.896 139 141 150
159.831 -98.344 991.880 148 151 158
159.831 -97.844 991.836 157 160 167
159.831 -97.344 991.814 159 162 167
159.831 -96.844 991.782 166 167 171
159.831 -96.344 991.776 171 172 177
159.831 -95.844 991.791 168 168 172
159.831 -95.344 991.801 160 159 164
159.831 -94.844 991.803 160 161 166
159.831 -94.344 991.813 152 153 158
159.831 -93.844 991.811 152 153 158
159.831 -93.344 991.811 150 151 156
159.831 -92.844 991.812 148 149 154
159.831 -92.344 991.796 150 151 156
159.831 -91.844 991.770 154 153 158
159.831 -91.344 991.725 168 167 171
159.831 -90.844 991.679 203 203 205
159.831 -90.344 991.609 226 226 228
159.831 -89.844 991.570 231 231 230
159.831 -89.344 991.601 240 240 240
159.831 -88.844 991.652 239 239 239
159.831 -88.344 991.644 209 209 209
159.831 -87.844 991.621 170 170 171
159.831 -87.344 991.634 170 170 171
159.831 -86.844 991.462 179 179 178
159.831 -86.344 991.134 181 181 181
159.831 -85.844 991.092 183 183 182
159.831 -85.344 991.208 187 184 182
159.831 -84.844 989.680 190 186 185
159.831 -84.344 988.089 191 187 186
159.831 -83.844 987.756 183 179 177
159.831 -83.344 987.622 179 174 173
159.831 -82.844 987.594 180 176 175
159.831 -82.344 987.516 176 175 173
159.831 -81.844 987.322 164 160 159
159.831 -81.344 987.010 173 169 168
160.331 -101.844 991.768 142 151 158
160.331 -101.344 991.783 138 145 153
160.331 -100.844 991.799 137 144 152
160.331 -100.344 991.820 132 136 145
160.331 -99.844 991.877 132 136 145
160.331 -99.344 991.900 133 136 145
160.331 -98.844 991.903 136 138 147
160.331 -98.344 991.875 140 143 150
160.331 -97.844 991.843 147 150 157
160.331 -97.344 991.798 148 151 156
160.331 -96.844 991.788 155 156 161
160.331 -96.344 991.778 151 152 157
160.331 -95.844 991.789 147 148 152
160.331 -95.344 991.779 143 142 147
160.331 -94.844 991.756 141 142 147
160.331 -94.344 991.744 141 142 147
160.331 -93.844 991.723 140 141 146
160.331 -93.344 991.711 139 140 145
160.331 -92.844 991.688 140 140 145
160.331 -92.344 991.670 140 141 145
160.331 -91.844 991.669 144 143 148
160.331 -91.344 991.624 163 163 165
160.331 -90.844 991.519 208 208 210
160.331 -90.344 991.288 219 219 219
160.331 -89.844 990.830 223 223 222
160.331 -89.344 990.669 233 233 230
160.331 -88.844 990.987 237 235 235
160.331 -88.344 990.998 221 219 220
160.331 -87.844 990.972 187 186 185
160.331 -87.344 991.023 181 180 178
160.331 -86.844 989.549 179 177 175
160.331 -86.344 987.485 171 170 167
160.331 -85.844 987.184 162 161 159
160.331 -85.344 987.325 156 152 149
160.831 -101.844 991.802 132 136 145
160.831 -101.344 991.807 133 136 145
160.831 -100.844 991.806 136 139 148
160.831 -100.344 991.822 135 138 147
160.831 -99.844 991.848 133 136 144
160.831 -99.344 991.872 139 139 147
160.831 -98.844 991.888 139 139 147
160.831 -98.344 991.847 137 138 144
160.831 -97.844 991.811 140 140 147
160.831 -97.344 991.732 147 148 153
160.831 -96.844 991.669 155 155 160
160.831 -96.344 991.646 161 161 163
160.831 -95.844 991.633 152 152 154
160.831 -95.344 991.637 146 145 148
160.831 -94.844 991.583 146 143 151
160.831 -94.344 991.496 145 142 150
160.831 -93.844 991.453 149 147 152
160.831 -93.344 991.338 155 153 157
160.831 -92.844 990.918 154 152 154
160.831 -92.344 990.908 160 158 160
160.831 -91.844 990.964 168 166 167
160.831 -91.344 990.919 176 174 173
160.831 -90.844 990.666 185 184 181
160.831 -90.344 989.916 194 191 188
160.831 -89.844 988.183 191 189 184
160.831 -89.344 986.388 175 171 166
160.831 -88.844 986.920 174 169 164
160.831 -88.344 987.050 158 152 149
160.831 -87.844 987.050 179 173 168
160.831 -87.344 986.957 184 177 172
161.331 -101.844 991.771 133 136 143
161.331 -101.344 991.763 132 135 140
161.331 -100.844 991.756 134 137 142
161.331 -100.344 991.748 134 136 141
161.331 -99.844 991.800 137 138 143
161.331 -99.344 991.770 136 137 141
161.331 -98.844 991.752 136 137 141
161.331 -98.344 991.720 139 138 143
161.331 -97.844 991.649 149 148 153
161.331 -97.344 991.391 159 157 162
161.331 -96.844 991.116 168 167 170
161.331 -96.344 991.005 168 167 168
161.331 -95.844 990.929 168 166 166
161.331 -95.344 990.697 169 166 166
161.331 -94.844 990.641 169 164 168
161.331 -94.344 990.467 169 164 168
161.331 -93.844 990.462 175 171 172
161.331 -93.344 989.789 190 186 185
161.331 -92.844 987.164 172 168 167
161.331 -92.344 986.980 147 143 142
161.331 -91.844 986.937 161 154 152
161.331 -91.344 986.751 176 168 165
161.331 -90.844 986.357 194 187 182
161.831 -101.844 991.597 167 168 171
161.831 -101.344 991.566 148 149 154
161.831 -100.844 991.528 146 147 152
161.831 -100.344 991.520 151 150 155
161.831 -99.844 991.565 158 158 160
161.831 -99.344 991.388 163 163 165
161.831 -98.844 991.146 167 166 167
161.831 -98.344 990.960 173 170 171
161.831 -97.844 990.643 167 162 163
161.831 -97.344 989.694 174 170 171
161.831 -96.844 989.289 179 175 174
161.831 -96.344 989.337 181 175 174
161.831 -95.844 989.036 180 174 173
161.831 -95.344 986.551 184 179 174
161.831 -94.844 986.298 180 175 171
161.831 -94.344 986.233 179 173 168
161.831 -93.844 986.313 185 180 175
162.331 -101.844 990.978 171 169 170
162.331 -101.344 990.844 168 166 168
162.331 -100.844 990.597 169 168 171
162.331 -100.344 990.679 176 173 176
162.331 -99.844 990.262 183 179 179
162.331 -99.344 989.653 184 180 179
162.331 -98.844 988.647 173 169 167
162.331 -98.344 987.831 174 167 163
162.331 -97.844 987.268 174 168 161
162.831 -101.844 988.934 187 180 175
162.831 -101.344 988.374 185 177 176
162.831 -100.844 987.849 186 179 176
162.831 -100.344 987.929 184 177 172
162.831 -99.844 985.833 188 180 175
151.831 -78.344 985.620 119 119 126
152.331 -78.344 985.980 123 122 129
152.831 -78.344 985.621 121 120 126
153.331 -78.344 985.634 126 125 130
155.831 -78.344 990.133 126 125 131
156.331 -78.344 990.601 130 129 134
156.831 -78.344 990.210 152 150 155
157.331 -78.344 988.763 147 145 148
